510080501
510080502
510080503
510080504
510080505
510080506
510080507
510080508
510080509
510080510
510080511
510083001
510083002
510083003
510083004
510083005
510083006
510083007
510083008
510083009
510083010
510083011
510085501
510085502
510085503
510085504
510085505
510085506
510085507
510085508
510085509
510085510
510085511
510103001
510103002
510103003
510103004
510103005
510103006
510103007
510103008
510103009
510103010
510103011
510105501
510105502
510105503
510105504
510105505
510105506
510105507
510105508
510105509
510105510
510105511
510108001
510108002
510108003
510108004
510108005
510108006
510108007
510108008
510108009
510108010
510108011
510110501
510110502
510110503
510110504
510110505
510110506
510110507
510110508
510110509
510110510
510110511
520083001
520083002
520083003
520083004
520083005
520083006
520083007
520083008
520083009
520083010
520083011
520085501
520085502
520085503
520085504
520085505
520085506
520085507
520085508
520085509
520085510
520085511
520088001
520088002
520088003
520088004
520088005
520088006
520088007
520088008
520088009
520088010
520088011
520090501
520090502
520090503
520090504
520090505
520090506
520090507
520090508
520090509
520090510
520090511
520093001
520093002
520093003
520093004
520093005
520093006
520093007
520093008
520093009
520093010
520093011
520103001
520103002
520103003
520103004
520103005
520103006
520103007
520103008
520103009
520103010
520103011
520105501
520105502
520105503
520105504
520105505
520105506
520105507
520105508
520105509
520105510
520105511
520108001
520108002
520108003
520108004
520108005
520108006
520108007
520108008
520108009
520108010
520108011
520110501
520110502
520110503
520110504
520110505
520110506
520110507
520110508
520110509
520110510
520110511
520113001
520113002
520113003
520113004
520113005
520113006
520113007
520113008
520113009
520113010
520113011
520115501
520115502
520115503
520115504
520115505
520115506
520115507
520115508
520115509
520115510
520115511
520118001
520118002
520118003
520118004
520118005
520118006
520118007
520118008
520118009
520118010
520118011
530075501
530075502
530075503
530075504
530075505
530075506
530075507
530075508
530075509
530075510
530075511
530078001
530078002
530078003
530078004
530078005
530078006
530078007
530078008
530078009
530078010
530078011
530105501
530105502
530105503
530105504
530105505
530105506
530105507
530105508
530105509
530105510
530105511
530108001
530108002
530108003
530108004
530108005
530108006
530108007
530108008
530108009
530108010
530108011
530110501
530110502
530110503
530110504
530110505
530110506
530110507
530110508
530110509
530110510
530110511
530113001
530113002
530113003
530113004
530113005
530113006
530113007
530113008
530113009
530113010
530113011
530115501
530115502
530115503
530115504
530115505
530115506
530115507
530115508
530115509
530115510
530115511
530118001
530118002
530118003
530118004
530118005
530118006
530118007
530118008
530118009
530118010
530118011
530120501
530120502
530120503
530120504
530120505
530120506
530120507
530120508
530120509
530120510
530120511
530123001
530123002
530123003
530123004
530123005
530123006
530123007
530123008
530123009
530123010
530123011
540123001
540123002
540123003
540123004
540123005
540123006
540123007
540123008
540123009
540123010
540123011
540125501
540125502
540125503
540125504
540125505
540125506
540125507
540125508
540125509
540125510
540125511
540128001
540128002
540128003
540128004
540128005
540128006
540128007
540128008
540128009
540128010
540128011
550078001
550078002
550078003
550078004
550078005
550078006
550078007
550078008
550078009
550078010
550078011
550080501
550080502
550080503
550080504
550080505
550080506
550080507
550080508
550080509
550080510
550080511
550083001
550083002
550083003
550083004
550083005
550083006
550083007
550083008
550083009
550083010
550083011
560075501
560075502
560075503
560075504
560075505
560075506
560075507
560075508
560075509
560075510
560075511
560078001
560078002
560078003
560078004
560078005
560078006
560078007
560078008
560078009
560078010
560078011
560080501
560080502
560080503
560080504
560080505
560080506
560080507
560080508
560080509
560080510
560080511
560083001
560083002
560083003
560083004
560083005
560083006
560083007
560083008
560083009
560083010
560083011
560085501
560085502
560085503
560085504
560085505
560085506
560085507
560085508
560085509
560085510
560085511
560105501
560105502
560105503
560105504
560105505
560105506
560105507
560105508
560105509
560105510
560105511
560108001
560108002
560108003
560108004
560108005
560108006
560108007
560108008
560108009
560108010
560108011
560110501
560110502
560110503
560110504
560110505
560110506
560110507
560110508
560110509
560110510
560110511
560113001
560113002
560113003
560113004
560113005
560113006
560113007
560113008
560113009
560113010
560113011
560115501
560115502
560115503
560115504
560115505
560115506
560115507
560115508
560115509
560115510
560115511
560118001
560118002
560118003
560118004
560118005
560118006
560118007
560118008
560118009
560118010
560118011
560125501
560125502
560125503
560125504
560125505
560125506
560125507
560125508
560125509
560125510
560125511
560128001
560128002
560128003
560128004
560128005
560128006
560128007
560128008
560128009
560128010
560128011
560130501
560130502
560130503
560130504
560130505
560130506
560130507
560130508
560130509
560130510
560130511
560133001
560133002
560133003
560133004
560133005
560133006
560133007
560133008
560133009
560133010
560133011
560135501
560135502
560135503
560135504
560135505
560135506
560135507
560135508
560135509
560135510
560135511
570078001
570078002
570078003
570078004
570078005
570078006
570078007
570078008
570078009
570078010
570078011
570080501
570080502
570080503
570080504
570080505
570080506
570080507
570080508
570080509
570080510
570080511
570083001
570083002
570083003
570083004
570083005
570083006
570083007
570083008
570083009
570083010
570083011
570085501
570085502
570085503
570085504
570085505
570085506
570085507
570085508
570085509
570085510
570085511
570088001
570088002
570088003
570088004
570088005
570088006
570088007
570088008
570088009
570088010
570088011
570090501
570090502
570090503
570090504
570090505
570090506
570090507
570090508
570090509
570090510
570090511
570093001
570093002
570093003
570093004
570093005
570093006
570093007
570093008
570093009
570093010
570093011
570095501
570095502
570095503
570095504
570095505
570095506
570095507
570095508
570095509
570095510
570095511
570098001
570098002
570098003
570098004
570098005
570098006
570098007
570098008
570098009
570098010
570098011
570100501
570100502
570100503
570100504
570100505
570100506
570100507
570100508
570100509
570100510
570100511
570103001
570103002
570103003
570103004
570103005
570103006
570103007
570103008
570103009
570103010
570103011
570105501
570105502
570105503
570105504
570105505
570105506
570105507
570105508
570105509
570105510
570105511
570108001
570108002
570108003
570108004
570108005
570108006
570108007
570108008
570108009
570108010
570108011
570110501
570110502
570110503
570110504
570110505
570110506
570110507
570110508
570110509
570110510
570110511
570113001
570113002
570113003
570113004
570113005
570113006
570113007
570113008
570113009
570113010
570113011
570115501
570115502
570115503
570115504
570115505
570115506
570115507
570115508
570115509
570115510
570115511
570118001
570118002
570118003
570118004
570118005
570118006
570118007
570118008
570118009
570118010
570118011
570120501
570120502
570120503
570120504
570120505
570120506
570120507
570120508
570120509
570120510
570120511
570123001
570123002
570123003
570123004
570123005
570123006
570123007
570123008
570123009
570123010
570123011
580080501
580080502
580080503
580080504
580080505
580080506
580080507
580080508
580080509
580080510
580080511
580083001
580083002
580083003
580083004
580083005
580083006
580083007
580083008
580083009
580083010
580083011
580085501
580085502
580085503
580085504
580085505
580085506
580085507
580085508
580085509
580085510
580085511
580088001
580088002
580088003
580088004
580088005
580088006
580088007
580088008
580088009
580088010
580088011
580090501
580090502
580090503
580090504
580090505
580090506
580090507
580090508
580090509
580090510
580090511
580093001
580093002
580093003
580093004
580093005
580093006
580093007
580093008
580093009
580093010
580093011
580095501
580095502
580095503
580095504
580095505
580095506
580095507
580095508
580095509
580095510
580095511
580103001
580103002
580103003
580103004
580103005
580103006
580103007
580103008
580103009
580103010
580103011
580105501
580105502
580105503
580105504
580105505
580105506
580105507
580105508
580105509
580105510
580105511
580108001
580108002
580108003
580108004
580108005
580108006
580108007
580108008
580108009
580108010
580108011
580110501
580110502
580110503
580110504
580110505
580110506
580110507
580110508
580110509
580110510
580110511
580113001
580113002
580113003
580113004
580113005
580113006
580113007
580113008
580113009
580113010
580113011
580115501
580115502
580115503
580115504
580115505
580115506
580115507
580115508
580115509
580115510
580115511
580118001
580118002
580118003
580118004
580118005
580118006
580118007
580118008
580118009
580118010
580118011
580120501
580120502
580120503
580120504
580120505
580120506
580120507
580120508
580120509
580120510
580120511
580123001
580123002
580123003
580123004
580123005
580123006
580123007
580123008
580123009
580123010
580123011
580125501
580125502
580125503
580125504
580125505
580125506
580125507
580125508
580125509
580125510
580125511
580128001
580128002
580128003
580128004
580128005
580128006
580128007
580128008
580128009
580128010
580128011
590095501
590095502
590095503
590095504
590095505
590095506
590095507
590095508
590095509
590095510
590095511
590098001
590098002
590098003
590098004
590098005
590098006
590098007
590098008
590098009
590098010
590098011
590100501
590100502
590100503
590100504
590100505
590100506
590100507
590100508
590100509
590100510
590100511
590110501
590110502
590110503
590110504
590110505
590110506
590110507
590110508
590110509
590110510
590110511
590113001
590113002
590113003
590113004
590113005
590113006
590113007
590113008
590113009
590113010
590113011
590115501
590115502
590115503
590115504
590115505
590115506
590115507
590115508
590115509
590115510
590115511
590118001
590118002
590118003
590118004
590118005
590118006
590118007
590118008
590118009
590118010
590118011
590120501
590120502
590120503
590120504
590120505
590120506
590120507
590120508
590120509
590120510
590120511
590123001
590123002
590123003
590123004
590123005
590123006
590123007
590123008
590123009
590123010
590123011
590125501
590125502
590125503
590125504
590125505
590125506
590125507
590125508
590125509
590125510
590125511
600073001
600073002
600073003
600073004
600073005
600073006
600073007
600073008
600073009
600073010
600073011
600075501
600075502
600075503
600075504
600075505
600075506
600075507
600075508
600075509
600075510
600075511
600078001
600078002
600078003
600078004
600078005
600078006
600078007
600078008
600078009
600078010
600078011
600080501
600080502
600080503
600080504
600080505
600080506
600080507
600080508
600080509
600080510
600080511
610073001
610073002
610073003
610073004
610073005
610073006
610073007
610073008
610073009
610073010
610073011
610075501
610075502
610075503
610075504
610075505
610075506
610075507
610075508
610075509
610075510
610075511
610078001
610078002
610078003
610078004
610078005
610078006
610078007
610078008
610078009
610078010
610078011
610080501
610080502
610080503
610080504
610080505
610080506
610080507
610080508
610080509
610080510
610080511
610083001
610083002
610083003
610083004
610083005
610083006
610083007
610083008
610083009
610083010
610083011
610125501
610125502
610125503
610125504
610125505
610125506
610125507
610125508
610125509
610125510
610125511
610128001
610128002
610128003
610128004
610128005
610128006
610128007
610128008
610128009
610128010
610128011
610130501
610130502
610130503
610130504
610130505
610130506
610130507
610130508
610130509
610130510
610130511
610168001
610168002
610168003
610168004
610168005
610168006
610168007
610168008
610168009
610168010
610168011
610170501
610170502
610170503
610170504
610170505
610170506
610170507
610170508
610170509
610170510
610170511
610173001
610173002
610173003
610173004
610173005
610173006
610173007
610173008
610173009
610173010
610173011
610175501
610175502
610175503
610175504
610175505
610175506
610175507
610175508
610175509
610175510
610175511
610178001
610178002
610178003
610178004
610178005
610178006
610178007
610178008
610178009
610178010
610178011
620060501
620060502
620060503
620060504
620060505
620060506
620060507
620060508
620060509
620060510
620060511
620063001
620063002
620063003
620063004
620063005
620063006
620063007
620063008
620063009
620063010
620063011
620065501
620065502
620065503
620065504
620065505
620065506
620065507
620065508
620065509
620065510
620065511
620068001
620068002
620068003
620068004
620068005
620068006
620068007
620068008
620068009
620068010
620068011
620070501
620070502
620070503
620070504
620070505
620070506
620070507
620070508
620070509
620070510
620070511
620073001
620073002
620073003
620073004
620073005
620073006
620073007
620073008
620073009
620073010
620073011
620075501
620075502
620075503
620075504
620075505
620075506
620075507
620075508
620075509
620075510
620075511
620078001
620078002
620078003
620078004
620078005
620078006
620078007
620078008
620078009
620078010
620078011
620080501
620080502
620080503
620080504
620080505
620080506
620080507
620080508
620080509
620080510
620080511
620083001
620083002
620083003
620083004
620083005
620083006
620083007
620083008
620083009
620083010
620083011
620085501
620085502
620085503
620085504
620085505
620085506
620085507
620085508
620085509
620085510
620085511
620088001
620088002
620088003
620088004
620088005
620088006
620088007
620088008
620088009
620088010
620088011
620090501
620090502
620090503
620090504
620090505
620090506
620090507
620090508
620090509
620090510
620090511
620093001
620093002
620093003
620093004
620093005
620093006
620093007
620093008
620093009
620093010
620093011
620095501
620095502
620095503
620095504
620095505
620095506
620095507
620095508
620095509
620095510
620095511
620098001
620098002
620098003
620098004
620098005
620098006
620098007
620098008
620098009
620098010
620098011
620100501
620100502
620100503
620100504
620100505
620100506
620100507
620100508
620100509
620100510
620100511
620103001
620103002
620103003
620103004
620103005
620103006
620103007
620103008
620103009
620103010
620103011
620105501
620105502
620105503
620105504
620105505
620105506
620105507
620105508
620105509
620105510
620105511
620108001
620108002
620108003
620108004
620108005
620108006
620108007
620108008
620108009
620108010
620108011
620110501
620110502
620110503
620110504
620110505
620110506
620110507
620110508
620110509
620110510
620110511
620113001
620113002
620113003
620113004
620113005
620113006
620113007
620113008
620113009
620113010
620113011
620115501
620115502
620115503
620115504
620115505
620115506
620115507
620115508
620115509
620115510
620115511
620118001
620118002
620118003
620118004
620118005
620118006
620118007
620118008
620118009
620118010
620118011
620120501
620120502
620120503
620120504
620120505
620120506
620120507
620120508
620120509
620120510
620120511
620123001
620123002
620123003
620123004
620123005
620123006
620123007
620123008
620123009
620123010
620123011
620125501
620125502
620125503
620125504
620125505
620125506
620125507
620125508
620125509
620125510
620125511
620128001
620128002
620128003
620128004
620128005
620128006
620128007
620128008
620128009
620128010
620128011
620130501
620130502
620130503
620130504
620130505
620130506
620130507
620130508
620130509
620130510
620130511
620133001
620133002
620133003
620133004
620133005
620133006
620133007
620133008
620133009
620133010
620133011
620135501
620135502
620135503
620135504
620135505
620135506
620135507
620135508
620135509
620135510
620135511
620138001
620138002
620138003
620138004
620138005
620138006
620138007
620138008
620138009
620138010
620138011
630078001
630078002
630078003
630078004
630078005
630078006
630078007
630078008
630078009
630078010
630078011
630080501
630080502
630080503
630080504
630080505
630080506
630080507
630080508
630080509
630080510
630080511
640105501
640105502
640105503
640105504
640105505
640105506
640105507
640105508
640105509
640105510
640105511
640108001
640108002
640108003
640108004
640108005
640108006
640108007
640108008
640108009
640108010
640108011
640110501
640110502
640110503
640110504
640110505
640110506
640110507
640110508
640110509
640110510
640110511
640113001
640113002
640113003
640113004
640113005
640113006
640113007
640113008
640113009
640113010
640113011
640115501
640115502
640115503
640115504
640115505
640115506
640115507
640115508
640115509
640115510
640115511
640120501
640120502
640120503
640120504
640120505
640120506
640120507
640120508
640120509
640120510
640120511
640123001
640123002
640123003
640123004
640123005
640123006
640123007
640123008
640123009
640123010
640123011
640125501
640125502
640125503
640125504
640125505
640125506
640125507
640125508
640125509
640125510
640125511
640128001
640128002
640128003
640128004
640128005
640128006
640128007
640128008
640128009
640128010
640128011
650073001
650073002
650073003
650073004
650073005
650073006
650073007
650073008
650073009
650073010
650073011
650075501
650075502
650075503
650075504
650075505
650075506
650075507
650075508
650075509
650075510
650075511
650078001
650078002
650078003
650078004
650078005
650078006
650078007
650078008
650078009
650078010
650078011
650080501
650080502
650080503
650080504
650080505
650080506
650080507
650080508
650080509
650080510
650080511
650083001
650083002
650083003
650083004
650083005
650083006
650083007
650083008
650083009
650083010
650083011
650085501
650085502
650085503
650085504
650085505
650085506
650085507
650085508
650085509
650085510
650085511
650088001
650088002
650088003
650088004
650088005
650088006
650088007
650088008
650088009
650088010
650088011
650105501
650105502
650105503
650105504
650105505
650105506
650105507
650105508
650105509
650105510
650105511
650108001
650108002
650108003
650108004
650108005
650108006
650108007
650108008
650108009
650108010
650108011
650110501
650110502
650110503
650110504
650110505
650110506
650110507
650110508
650110509
650110510
650110511
650113001
650113002
650113003
650113004
650113005
650113006
650113007
650113008
650113009
650113010
650113011
650115501
650115502
650115503
650115504
650115505
650115506
650115507
650115508
650115509
650115510
650115511
650118001
650118002
650118003
650118004
650118005
650118006
650118007
650118008
650118009
650118010
650118011
650120501
650120502
650120503
650120504
650120505
650120506
650120507
650120508
650120509
650120510
650120511
650123001
650123002
650123003
650123004
650123005
650123006
650123007
650123008
650123009
650123010
650123011
650125501
650125502
650125503
650125504
650125505
650125506
650125507
650125508
650125509
650125510
650125511
650128001
650128002
650128003
650128004
650128005
650128006
650128007
650128008
650128009
650128010
650128011
650130501
650130502
650130503
650130504
650130505
650130506
650130507
650130508
650130509
650130510
650130511
650133001
650133002
650133003
650133004
650133005
650133006
650133007
650133008
650133009
650133010
650133011
650135501
650135502
650135503
650135504
650135505
650135506
650135507
650135508
650135509
650135510
650135511
650138001
650138002
650138003
650138004
650138005
650138006
650138007
650138008
650138009
650138010
650138011
650140501
650140502
650140503
650140504
650140505
650140506
650140507
650140508
650140509
650140510
650140511
650143001
650143002
650143003
650143004
650143005
650143006
650143007
650143008
650143009
650143010
650143011
660065501
660065502
660065503
660065504
660065505
660065506
660065507
660065508
660065509
660065510
660065511
660068001
660068002
660068003
660068004
660068005
660068006
660068007
660068008
660068009
660068010
660068011
660070501
660070502
660070503
660070504
660070505
660070506
660070507
660070508
660070509
660070510
660070511
660078001
660078002
660078003
660078004
660078005
660078006
660078007
660078008
660078009
660078010
660078011
660080501
660080502
660080503
660080504
660080505
660080506
660080507
660080508
660080509
660080510
660080511
660083001
660083002
660083003
660083004
660083005
660083006
660083007
660083008
660083009
660083010
660083011
660085501
660085502
660085503
660085504
660085505
660085506
660085507
660085508
660085509
660085510
660085511
660088001
660088002
660088003
660088004
660088005
660088006
660088007
660088008
660088009
660088010
660088011
660090501
660090502
660090503
660090504
660090505
660090506
660090507
660090508
660090509
660090510
660090511
660103001
660103002
660103003
660103004
660103005
660103006
660103007
660103008
660103009
660103010
660103011
660105501
660105502
660105503
660105504
660105505
660105506
660105507
660105508
660105509
660105510
660105511
660108001
660108002
660108003
660108004
660108005
660108006
660108007
660108008
660108009
660108010
660108011
660110501
660110502
660110503
660110504
660110505
660110506
660110507
660110508
660110509
660110510
660110511
660113001
660113002
660113003
660113004
660113005
660113006
660113007
660113008
660113009
660113010
660113011
660115501
660115502
660115503
660115504
660115505
660115506
660115507
660115508
660115509
660115510
660115511
660118001
660118002
660118003
660118004
660118005
660118006
660118007
660118008
660118009
660118010
660118011
660120501
660120502
660120503
660120504
660120505
660120506
660120507
660120508
660120509
660120510
660120511
660123001
660123002
660123003
660123004
660123005
660123006
660123007
660123008
660123009
660123010
660123011
660125501
660125502
660125503
660125504
660125505
660125506
660125507
660125508
660125509
660125510
660125511
660128001
660128002
660128003
660128004
660128005
660128006
660128007
660128008
660128009
660128010
660128011
660130501
660130502
660130503
660130504
660130505
660130506
660130507
660130508
660130509
660130510
660130511
660133001
660133002
660133003
660133004
660133005
660133006
660133007
660133008
660133009
660133010
660133011
660135501
660135502
660135503
660135504
660135505
660135506
660135507
660135508
660135509
660135510
660135511
660138001
660138002
660138003
660138004
660138005
660138006
660138007
660138008
660138009
660138010
660138011
660140501
660140502
660140503
660140504
660140505
660140506
660140507
660140508
660140509
660140510
660140511
660143001
660143002
660143003
660143004
660143005
660143006
660143007
660143008
660143009
660143010
660143011
670070501
670070502
670070503
670070504
670070505
670070506
670070507
670070508
670070509
670070510
670070511
670073001
670073002
670073003
670073004
670073005
670073006
670073007
670073008
670073009
670073010
670073011
670075501
670075502
670075503
670075504
670075505
670075506
670075507
670075508
670075509
670075510
670075511
670078001
670078002
670078003
670078004
670078005
670078006
670078007
670078008
670078009
670078010
670078011
670088001
670088002
670088003
670088004
670088005
670088006
670088007
670088008
670088009
670088010
670088011
670090501
670090502
670090503
670090504
670090505
670090506
670090507
670090508
670090509
670090510
670090511
670093001
670093002
670093003
670093004
670093005
670093006
670093007
670093008
670093009
670093010
670093011
670095501
670095502
670095503
670095504
670095505
670095506
670095507
670095508
670095509
670095510
670095511
670098001
670098002
670098003
670098004
670098005
670098006
670098007
670098008
670098009
670098010
670098011
670100501
670100502
670100503
670100504
670100505
670100506
670100507
670100508
670100509
670100510
670100511
670103001
670103002
670103003
670103004
670103005
670103006
670103007
670103008
670103009
670103010
670103011
670105501
670105502
670105503
670105504
670105505
670105506
670105507
670105508
670105509
670105510
670105511
670108001
670108002
670108003
670108004
670108005
670108006
670108007
670108008
670108009
670108010
670108011
670110501
670110502
670110503
670110504
670110505
670110506
670110507
670110508
670110509
670110510
670110511
670113001
670113002
670113003
670113004
670113005
670113006
670113007
670113008
670113009
670113010
670113011
670115501
670115502
670115503
670115504
670115505
670115506
670115507
670115508
670115509
670115510
670115511
670118001
670118002
670118003
670118004
670118005
670118006
670118007
670118008
670118009
670118010
670118011
670120501
670120502
670120503
670120504
670120505
670120506
670120507
670120508
670120509
670120510
670120511
670130501
670130502
670130503
670130504
670130505
670130506
670130507
670130508
670130509
670130510
670130511
670133001
670133002
670133003
670133004
670133005
670133006
670133007
670133008
670133009
670133010
670133011
670135501
670135502
670135503
670135504
670135505
670135506
670135507
670135508
670135509
670135510
670135511
670138001
670138002
670138003
670138004
670138005
670138006
670138007
670138008
670138009
670138010
670138011
670140501
670140502
670140503
670140504
670140505
670140506
670140507
670140508
670140509
670140510
670140511
670143001
670143002
670143003
670143004
670143005
670143006
670143007
670143008
670143009
670143010
670143011
670145501
670145502
670145503
670145504
670145505
670145506
670145507
670145508
670145509
670145510
670145511
680063001
680063002
680063003
680063004
680063005
680063006
680063007
680063008
680063009
680063010
680063011
680065501
680065502
680065503
680065504
680065505
680065506
680065507
680065508
680065509
680065510
680065511
680068001
680068002
680068003
680068004
680068005
680068006
680068007
680068008
680068009
680068010
680068011
680070501
680070502
680070503
680070504
680070505
680070506
680070507
680070508
680070509
680070510
680070511
680073001
680073002
680073003
680073004
680073005
680073006
680073007
680073008
680073009
680073010
680073011
680075501
680075502
680075503
680075504
680075505
680075506
680075507
680075508
680075509
680075510
680075511
680078001
680078002
680078003
680078004
680078005
680078006
680078007
680078008
680078009
680078010
680078011
680080501
680080502
680080503
680080504
680080505
680080506
680080507
680080508
680080509
680080510
680080511
680083001
680083002
680083003
680083004
680083005
680083006
680083007
680083008
680083009
680083010
680083011
680085501
680085502
680085503
680085504
680085505
680085506
680085507
680085508
680085509
680085510
680085511
680088001
680088002
680088003
680088004
680088005
680088006
680088007
680088008
680088009
680088010
680088011
680090501
680090502
680090503
680090504
680090505
680090506
680090507
680090508
680090509
680090510
680090511
680093001
680093002
680093003
680093004
680093005
680093006
680093007
680093008
680093009
680093010
680093011
680095501
680095502
680095503
680095504
680095505
680095506
680095507
680095508
680095509
680095510
680095511
680098001
680098002
680098003
680098004
680098005
680098006
680098007
680098008
680098009
680098010
680098011
680100501
680100502
680100503
680100504
680100505
680100506
680100507
680100508
680100509
680100510
680100511
680103001
680103002
680103003
680103004
680103005
680103006
680103007
680103008
680103009
680103010
680103011
680105501
680105502
680105503
680105504
680105505
680105506
680105507
680105508
680105509
680105510
680105511
680108001
680108002
680108003
680108004
680108005
680108006
680108007
680108008
680108009
680108010
680108011
680110501
680110502
680110503
680110504
680110505
680110506
680110507
680110508
680110509
680110510
680110511
680113001
680113002
680113003
680113004
680113005
680113006
680113007
680113008
680113009
680113010
680113011
680115501
680115502
680115503
680115504
680115505
680115506
680115507
680115508
680115509
680115510
680115511
680118001
680118002
680118003
680118004
680118005
680118006
680118007
680118008
680118009
680118010
680118011
680120501
680120502
680120503
680120504
680120505
680120506
680120507
680120508
680120509
680120510
680120511
680123001
680123002
680123003
680123004
680123005
680123006
680123007
680123008
680123009
680123010
680123011
680125501
680125502
680125503
680125504
680125505
680125506
680125507
680125508
680125509
680125510
680125511
680128001
680128002
680128003
680128004
680128005
680128006
680128007
680128008
680128009
680128010
680128011
680130501
680130502
680130503
680130504
680130505
680130506
680130507
680130508
680130509
680130510
680130511
680133001
680133002
680133003
680133004
680133005
680133006
680133007
680133008
680133009
680133010
680133011
680135501
680135502
680135503
680135504
680135505
680135506
680135507
680135508
680135509
680135510
680135511
680138001
680138002
680138003
680138004
680138005
680138006
680138007
680138008
680138009
680138010
680138011
680140501
680140502
680140503
680140504
680140505
680140506
680140507
680140508
680140509
680140510
680140511
680143001
680143002
680143003
680143004
680143005
680143006
680143007
680143008
680143009
680143010
680143011
680145501
680145502
680145503
680145504
680145505
680145506
680145507
680145508
680145509
680145510
680145511
680148001
680148002
680148003
680148004
680148005
680148006
680148007
680148008
680148009
680148010
680148011
690068001
690068002
690068003
690068004
690068005
690068006
690068007
690068008
690068009
690068010
690068011
690070501
690070502
690070503
690070504
690070505
690070506
690070507
690070508
690070509
690070510
690070511
690073001
690073002
690073003
690073004
690073005
690073006
690073007
690073008
690073009
690073010
690073011
690075501
690075502
690075503
690075504
690075505
690075506
690075507
690075508
690075509
690075510
690075511
690078001
690078002
690078003
690078004
690078005
690078006
690078007
690078008
690078009
690078010
690078011
690080501
690080502
690080503
690080504
690080505
690080506
690080507
690080508
690080509
690080510
690080511
690083001
690083002
690083003
690083004
690083005
690083006
690083007
690083008
690083009
690083010
690083011
690085501
690085502
690085503
690085504
690085505
690085506
690085507
690085508
690085509
690085510
690085511
690100501
690100502
690100503
690100504
690100505
690100506
690100507
690100508
690100509
690100510
690100511
690103001
690103002
690103003
690103004
690103005
690103006
690103007
690103008
690103009
690103010
690103011
690105501
690105502
690105503
690105504
690105505
690105506
690105507
690105508
690105509
690105510
690105511
690108001
690108002
690108003
690108004
690108005
690108006
690108007
690108008
690108009
690108010
690108011
690110501
690110502
690110503
690110504
690110505
690110506
690110507
690110508
690110509
690110510
690110511
690113001
690113002
690113003
690113004
690113005
690113006
690113007
690113008
690113009
690113010
690113011
690115501
690115502
690115503
690115504
690115505
690115506
690115507
690115508
690115509
690115510
690115511
690118001
690118002
690118003
690118004
690118005
690118006
690118007
690118008
690118009
690118010
690118011
690120501
690120502
690120503
690120504
690120505
690120506
690120507
690120508
690120509
690120510
690120511
690123001
690123002
690123003
690123004
690123005
690123006
690123007
690123008
690123009
690123010
690123011
690125501
690125502
690125503
690125504
690125505
690125506
690125507
690125508
690125509
690125510
690125511
690128001
690128002
690128003
690128004
690128005
690128006
690128007
690128008
690128009
690128010
690128011
690130501
690130502
690130503
690130504
690130505
690130506
690130507
690130508
690130509
690130510
690130511
690133001
690133002
690133003
690133004
690133005
690133006
690133007
690133008
690133009
690133010
690133011
690135501
690135502
690135503
690135504
690135505
690135506
690135507
690135508
690135509
690135510
690135511
690138001
690138002
690138003
690138004
690138005
690138006
690138007
690138008
690138009
690138010
690138011
690140501
690140502
690140503
690140504
690140505
690140506
690140507
690140508
690140509
690140510
690140511
700070501
700070502
700070503
700070504
700070505
700070506
700070507
700070508
700070509
700070510
700070511
700073001
700073002
700073003
700073004
700073005
700073006
700073007
700073008
700073009
700073010
700073011
700075501
700075502
700075503
700075504
700075505
700075506
700075507
700075508
700075509
700075510
700075511
700078001
700078002
700078003
700078004
700078005
700078006
700078007
700078008
700078009
700078010
700078011
700080501
700080502
700080503
700080504
700080505
700080506
700080507
700080508
700080509
700080510
700080511
700083001
700083002
700083003
700083004
700083005
700083006
700083007
700083008
700083009
700083010
700083011
700085501
700085502
700085503
700085504
700085505
700085506
700085507
700085508
700085509
700085510
700085511
700088001
700088002
700088003
700088004
700088005
700088006
700088007
700088008
700088009
700088010
700088011
700090501
700090502
700090503
700090504
700090505
700090506
700090507
700090508
700090509
700090510
700090511
700093001
700093002
700093003
700093004
700093005
700093006
700093007
700093008
700093009
700093010
700093011
700095501
700095502
700095503
700095504
700095505
700095506
700095507
700095508
700095509
700095510
700095511
700098001
700098002
700098003
700098004
700098005
700098006
700098007
700098008
700098009
700098010
700098011
700100501
700100502
700100503
700100504
700100505
700100506
700100507
700100508
700100509
700100510
700100511
700103001
700103002
700103003
700103004
700103005
700103006
700103007
700103008
700103009
700103010
700103011
700105501
700105502
700105503
700105504
700105505
700105506
700105507
700105508
700105509
700105510
700105511
700108001
700108002
700108003
700108004
700108005
700108006
700108007
700108008
700108009
700108010
700108011
700110501
700110502
700110503
700110504
700110505
700110506
700110507
700110508
700110509
700110510
700110511
700113001
700113002
700113003
700113004
700113005
700113006
700113007
700113008
700113009
700113010
700113011
700115501
700115502
700115503
700115504
700115505
700115506
700115507
700115508
700115509
700115510
700115511
700118001
700118002
700118003
700118004
700118005
700118006
700118007
700118008
700118009
700118010
700118011
700120501
700120502
700120503
700120504
700120505
700120506
700120507
700120508
700120509
700120510
700120511
700123001
700123002
700123003
700123004
700123005
700123006
700123007
700123008
700123009
700123010
700123011
700125501
700125502
700125503
700125504
700125505
700125506
700125507
700125508
700125509
700125510
700125511
700128001
700128002
700128003
700128004
700128005
700128006
700128007
700128008
700128009
700128010
700128011
700130501
700130502
700130503
700130504
700130505
700130506
700130507
700130508
700130509
700130510
700130511
700133001
700133002
700133003
700133004
700133005
700133006
700133007
700133008
700133009
700133010
700133011
700135501
700135502
700135503
700135504
700135505
700135506
700135507
700135508
700135509
700135510
700135511
710098001
710098002
710098003
710098004
710098005
710098006
710098007
710098008
710098009
710098010
710098011
710100501
710100502
710100503
710100504
710100505
710100506
710100507
710100508
710100509
710100510
710100511
710103001
710103002
710103003
710103004
710103005
710103006
710103007
710103008
710103009
710103010
710103011
710105501
710105502
710105503
710105504
710105505
710105506
710105507
710105508
710105509
710105510
710105511
710108001
710108002
710108003
710108004
710108005
710108006
710108007
710108008
710108009
710108010
710108011
710110501
710110502
710110503
710110504
710110505
710110506
710110507
710110508
710110509
710110510
710110511
710113001
710113002
710113003
710113004
710113005
710113006
710113007
710113008
710113009
710113010
710113011
710115501
710115502
710115503
710115504
710115505
710115506
710115507
710115508
710115509
710115510
710115511
710118001
710118002
710118003
710118004
710118005
710118006
710118007
710118008
710118009
710118010
710118011
710120501
710120502
710120503
710120504
710120505
710120506
710120507
710120508
710120509
710120510
710120511
710123001
710123002
710123003
710123004
710123005
710123006
710123007
710123008
710123009
710123010
710123011
710138001
710138002
710138003
710138004
710138005
710138006
710138007
710138008
710138009
710138010
710138011
710140501
710140502
710140503
710140504
710140505
710140506
710140507
710140508
710140509
710140510
710140511
710143001
710143002
710143003
710143004
710143005
710143006
710143007
710143008
710143009
710143010
710143011
710145501
710145502
710145503
710145504
710145505
710145506
710145507
710145508
710145509
710145510
710145511
720080501
720080502
720080503
720080504
720080505
720080506
720080507
720080508
720080509
720080510
720080511
720083001
720083002
720083003
720083004
720083005
720083006
720083007
720083008
720083009
720083010
720083011
720085501
720085502
720085503
720085504
720085505
720085506
720085507
720085508
720085509
720085510
720085511
720093001
720093002
720093003
720093004
720093005
720093006
720093007
720093008
720093009
720093010
720093011
720095501
720095502
720095503
720095504
720095505
720095506
720095507
720095508
720095509
720095510
720095511
720098001
720098002
720098003
720098004
720098005
720098006
720098007
720098008
720098009
720098010
720098011
720100501
720100502
720100503
720100504
720100505
720100506
720100507
720100508
720100509
720100510
720100511
720103001
720103002
720103003
720103004
720103005
720103006
720103007
720103008
720103009
720103010
720103011
720105501
720105502
720105503
720105504
720105505
720105506
720105507
720105508
720105509
720105510
720105511
720108001
720108002
720108003
720108004
720108005
720108006
720108007
720108008
720108009
720108010
720108011
720110501
720110502
720110503
720110504
720110505
720110506
720110507
720110508
720110509
720110510
720110511
720113001
720113002
720113003
720113004
720113005
720113006
720113007
720113008
720113009
720113010
720113011
720115501
720115502
720115503
720115504
720115505
720115506
720115507
720115508
720115509
720115510
720115511
720118001
720118002
720118003
720118004
720118005
720118006
720118007
720118008
720118009
720118010
720118011
720120501
720120502
720120503
720120504
720120505
720120506
720120507
720120508
720120509
720120510
720120511
720123001
720123002
720123003
720123004
720123005
720123006
720123007
720123008
720123009
720123010
720123011
720125501
720125502
720125503
720125504
720125505
720125506
720125507
720125508
720125509
720125510
720125511
720128001
720128002
720128003
720128004
720128005
720128006
720128007
720128008
720128009
720128010
720128011
720130501
720130502
720130503
720130504
720130505
720130506
720130507
720130508
720130509
720130510
720130511
720133001
720133002
720133003
720133004
720133005
720133006
720133007
720133008
720133009
720133010
720133011
720135501
720135502
720135503
720135504
720135505
720135506
720135507
720135508
720135509
720135510
720135511
720138001
720138002
720138003
720138004
720138005
720138006
720138007
720138008
720138009
720138010
720138011
720140501
720140502
720140503
720140504
720140505
720140506
720140507
720140508
720140509
720140510
720140511
720143001
720143002
720143003
720143004
720143005
720143006
720143007
720143008
720143009
720143010
720143011
720145501
720145502
720145503
720145504
720145505
720145506
720145507
720145508
720145509
720145510
720145511
720148001
720148002
720148003
720148004
720148005
720148006
720148007
720148008
720148009
720148010
720148011
730060501
730060502
730060503
730060504
730060505
730060506
730060507
730060508
730060509
730060510
730060511
730063001
730063002
730063003
730063004
730063005
730063006
730063007
730063008
730063009
730063010
730063011
730073001
730073002
730073003
730073004
730073005
730073006
730073007
730073008
730073009
730073010
730073011
730075501
730075502
730075503
730075504
730075505
730075506
730075507
730075508
730075509
730075510
730075511
730078001
730078002
730078003
730078004
730078005
730078006
730078007
730078008
730078009
730078010
730078011
730080501
730080502
730080503
730080504
730080505
730080506
730080507
730080508
730080509
730080510
730080511
730083001
730083002
730083003
730083004
730083005
730083006
730083007
730083008
730083009
730083010
730083011
730085501
730085502
730085503
730085504
730085505
730085506
730085507
730085508
730085509
730085510
730085511
730088001
730088002
730088003
730088004
730088005
730088006
730088007
730088008
730088009
730088010
730088011
730090501
730090502
730090503
730090504
730090505
730090506
730090507
730090508
730090509
730090510
730090511
730093001
730093002
730093003
730093004
730093005
730093006
730093007
730093008
730093009
730093010
730093011
730095501
730095502
730095503
730095504
730095505
730095506
730095507
730095508
730095509
730095510
730095511
730098001
730098002
730098003
730098004
730098005
730098006
730098007
730098008
730098009
730098010
730098011
730100501
730100502
730100503
730100504
730100505
730100506
730100507
730100508
730100509
730100510
730100511
730103001
730103002
730103003
730103004
730103005
730103006
730103007
730103008
730103009
730103010
730103011
730108001
730108002
730108003
730108004
730108005
730108006
730108007
730108008
730108009
730108010
730108011
730110501
730110502
730110503
730110504
730110505
730110506
730110507
730110508
730110509
730110510
730110511
730113001
730113002
730113003
730113004
730113005
730113006
730113007
730113008
730113009
730113010
730113011
730115501
730115502
730115503
730115504
730115505
730115506
730115507
730115508
730115509
730115510
730115511
730118001
730118002
730118003
730118004
730118005
730118006
730118007
730118008
730118009
730118010
730118011
730120501
730120502
730120503
730120504
730120505
730120506
730120507
730120508
730120509
730120510
730120511
730123001
730123002
730123003
730123004
730123005
730123006
730123007
730123008
730123009
730123010
730123011
730125501
730125502
730125503
730125504
730125505
730125506
730125507
730125508
730125509
730125510
730125511
730128001
730128002
730128003
730128004
730128005
730128006
730128007
730128008
730128009
730128010
730128011
730130501
730130502
730130503
730130504
730130505
730130506
730130507
730130508
730130509
730130510
730130511
730133001
730133002
730133003
730133004
730133005
730133006
730133007
730133008
730133009
730133010
730133011
730135501
730135502
730135503
730135504
730135505
730135506
730135507
730135508
730135509
730135510
730135511
730138001
730138002
730138003
730138004
730138005
730138006
730138007
730138008
730138009
730138010
730138011
730140501
730140502
730140503
730140504
730140505
730140506
730140507
730140508
730140509
730140510
730140511
730143001
730143002
730143003
730143004
730143005
730143006
730143007
730143008
730143009
730143010
730143011
730145501
730145502
730145503
730145504
730145505
730145506
730145507
730145508
730145509
730145510
730145511
730148001
730148002
730148003
730148004
730148005
730148006
730148007
730148008
730148009
730148010
730148011
740083001
740083002
740083003
740083004
740083005
740083006
740083007
740083008
740083009
740083010
740083011
740085501
740085502
740085503
740085504
740085505
740085506
740085507
740085508
740085509
740085510
740085511
740088001
740088002
740088003
740088004
740088005
740088006
740088007
740088008
740088009
740088010
740088011
740090501
740090502
740090503
740090504
740090505
740090506
740090507
740090508
740090509
740090510
740090511
740093001
740093002
740093003
740093004
740093005
740093006
740093007
740093008
740093009
740093010
740093011
740095501
740095502
740095503
740095504
740095505
740095506
740095507
740095508
740095509
740095510
740095511
740098001
740098002
740098003
740098004
740098005
740098006
740098007
740098008
740098009
740098010
740098011
740103001
740103002
740103003
740103004
740103005
740103006
740103007
740103008
740103009
740103010
740103011
740105501
740105502
740105503
740105504
740105505
740105506
740105507
740105508
740105509
740105510
740105511
740108001
740108002
740108003
740108004
740108005
740108006
740108007
740108008
740108009
740108010
740108011
740110501
740110502
740110503
740110504
740110505
740110506
740110507
740110508
740110509
740110510
740110511
740113001
740113002
740113003
740113004
740113005
740113006
740113007
740113008
740113009
740113010
740113011
740115501
740115502
740115503
740115504
740115505
740115506
740115507
740115508
740115509
740115510
740115511
740118001
740118002
740118003
740118004
740118005
740118006
740118007
740118008
740118009
740118010
740118011
740120501
740120502
740120503
740120504
740120505
740120506
740120507
740120508
740120509
740120510
740120511
740130501
740130502
740130503
740130504
740130505
740130506
740130507
740130508
740130509
740130510
740130511
740133001
740133002
740133003
740133004
740133005
740133006
740133007
740133008
740133009
740133010
740133011
740135501
740135502
740135503
740135504
740135505
740135506
740135507
740135508
740135509
740135510
740135511
740138001
740138002
740138003
740138004
740138005
740138006
740138007
740138008
740138009
740138010
740138011
740140501
740140502
740140503
740140504
740140505
740140506
740140507
740140508
740140509
740140510
740140511
740143001
740143002
740143003
740143004
740143005
740143006
740143007
740143008
740143009
740143010
740143011
740145501
740145502
740145503
740145504
740145505
740145506
740145507
740145508
740145509
740145510
740145511
740148001
740148002
740148003
740148004
740148005
740148006
740148007
740148008
740148009
740148010
740148011
750060501
750060502
750060503
750060504
750060505
750060506
750060507
750060508
750060509
750060510
750060511
750063001
750063002
750063003
750063004
750063005
750063006
750063007
750063008
750063009
750063010
750063011
750065501
750065502
750065503
750065504
750065505
750065506
750065507
750065508
750065509
750065510
750065511
750068001
750068002
750068003
750068004
750068005
750068006
750068007
750068008
750068009
750068010
750068011
750070501
750070502
750070503
750070504
750070505
750070506
750070507
750070508
750070509
750070510
750070511
750073001
750073002
750073003
750073004
750073005
750073006
750073007
750073008
750073009
750073010
750073011
750075501
750075502
750075503
750075504
750075505
750075506
750075507
750075508
750075509
750075510
750075511
750078001
750078002
750078003
750078004
750078005
750078006
750078007
750078008
750078009
750078010
750078011
750080501
750080502
750080503
750080504
750080505
750080506
750080507
750080508
750080509
750080510
750080511
750083001
750083002
750083003
750083004
750083005
750083006
750083007
750083008
750083009
750083010
750083011
750085501
750085502
750085503
750085504
750085505
750085506
750085507
750085508
750085509
750085510
750085511
750088001
750088002
750088003
750088004
750088005
750088006
750088007
750088008
750088009
750088010
750088011
750090501
750090502
750090503
750090504
750090505
750090506
750090507
750090508
750090509
750090510
750090511
750093001
750093002
750093003
750093004
750093005
750093006
750093007
750093008
750093009
750093010
750093011
750095501
750095502
750095503
750095504
750095505
750095506
750095507
750095508
750095509
750095510
750095511
750098001
750098002
750098003
750098004
750098005
750098006
750098007
750098008
750098009
750098010
750098011
750100501
750100502
750100503
750100504
750100505
750100506
750100507
750100508
750100509
750100510
750100511
750103001
750103002
750103003
750103004
750103005
750103006
750103007
750103008
750103009
750103010
750103011
750105501
750105502
750105503
750105504
750105505
750105506
750105507
750105508
750105509
750105510
750105511
750108001
750108002
750108003
750108004
750108005
750108006
750108007
750108008
750108009
750108010
750108011
750110501
750110502
750110503
750110504
750110505
750110506
750110507
750110508
750110509
750110510
750110511
750113001
750113002
750113003
750113004
750113005
750113006
750113007
750113008
750113009
750113010
750113011
750115501
750115502
750115503
750115504
750115505
750115506
750115507
750115508
750115509
750115510
750115511
750118001
750118002
750118003
750118004
750118005
750118006
750118007
750118008
750118009
750118010
750118011
750120501
750120502
750120503
750120504
750120505
750120506
750120507
750120508
750120509
750120510
750120511
750123001
750123002
750123003
750123004
750123005
750123006
750123007
750123008
750123009
750123010
750123011
750125501
750125502
750125503
750125504
750125505
750125506
750125507
750125508
750125509
750125510
750125511
750128001
750128002
750128003
750128004
750128005
750128006
750128007
750128008
750128009
750128010
750128011
750130501
750130502
750130503
750130504
750130505
750130506
750130507
750130508
750130509
750130510
750130511
750133001
750133002
750133003
750133004
750133005
750133006
750133007
750133008
750133009
750133010
750133011
750135501
750135502
750135503
750135504
750135505
750135506
750135507
750135508
750135509
750135510
750135511
750138001
750138002
750138003
750138004
750138005
750138006
750138007
750138008
750138009
750138010
750138011
750140501
750140502
750140503
750140504
750140505
750140506
750140507
750140508
750140509
750140510
750140511
750143001
750143002
750143003
750143004
750143005
750143006
750143007
750143008
750143009
750143010
750143011
750145501
750145502
750145503
750145504
750145505
750145506
750145507
750145508
750145509
750145510
750145511
750148001
750148002
750148003
750148004
750148005
750148006
750148007
750148008
750148009
750148010
750148011
750150501
750150502
750150503
750150504
750150505
750150506
750150507
750150508
750150509
750150510
750150511
750153001
750153002
750153003
750153004
750153005
750153006
750153007
750153008
750153009
750153010
750153011
750155501
750155502
750155503
750155504
750155505
750155506
750155507
750155508
750155509
750155510
750155511
750158001
750158002
750158003
750158004
750158005
750158006
750158007
750158008
750158009
750158010
750158011
750160501
750160502
750160503
750160504
750160505
750160506
750160507
750160508
750160509
750160510
750160511
750163001
750163002
750163003
750163004
750163005
750163006
750163007
750163008
750163009
750163010
750163011
750165501
750165502
750165503
750165504
750165505
750165506
750165507
750165508
750165509
750165510
750165511
750168001
750168002
750168003
750168004
750168005
750168006
750168007
750168008
750168009
750168010
750168011
750170501
750170502
750170503
750170504
750170505
750170506
750170507
750170508
750170509
750170510
750170511
750173001
750173002
750173003
750173004
750173005
750173006
750173007
750173008
750173009
750173010
750173011
750175501
750175502
750175503
750175504
750175505
750175506
750175507
750175508
750175509
750175510
750175511
750178001
750178002
750178003
750178004
750178005
750178006
750178007
750178008
750178009
750178010
750178011
750180501
750180502
750180503
750180504
750180505
750180506
750180507
750180508
750180509
750180510
750180511
750183001
750183002
750183003
750183004
750183005
750183006
750183007
750183008
750183009
750183010
750183011
750185501
750185502
750185503
750185504
750185505
750185506
750185507
750185508
750185509
750185510
750185511
750188001
750188002
750188003
750188004
750188005
750188006
750188007
750188008
750188009
750188010
750188011
750190501
750190502
750190503
750190504
750190505
750190506
750190507
750190508
750190509
750190510
750190511
750193001
750193002
750193003
750193004
750193005
750193006
750193007
750193008
750193009
750193010
750193011
750195501
750195502
750195503
750195504
750195505
750195506
750195507
750195508
750195509
750195510
750195511
750198001
750198002
750198003
750198004
750198005
750198006
750198007
750198008
750198009
750198010
750198011
750200501
750200502
750200503
750200504
750200505
750200506
750200507
750200508
750200509
750200510
750200511
750203001
750203002
750203003
750203004
750203005
750203006
750203007
750203008
750203009
750203010
750203011
750205501
750205502
750205503
750205504
750205505
750205506
750205507
750205508
750205509
750205510
750205511
750208001
750208002
750208003
750208004
750208005
750208006
750208007
750208008
750208009
750208010
750208011
750210501
750210502
750210503
750210504
750210505
750210506
750210507
750210508
750210509
750210510
750210511
750213001
750213002
750213003
750213004
750213005
750213006
750213007
750213008
750213009
750213010
750213011
750215501
750215502
750215503
750215504
750215505
750215506
750215507
750215508
750215509
750215510
750215511
750218001
750218002
750218003
750218004
750218005
750218006
750218007
750218008
750218009
750218010
750218011
750220501
750220502
750220503
750220504
750220505
750220506
750220507
750220508
750220509
750220510
750220511
750223001
750223002
750223003
750223004
750223005
750223006
750223007
750223008
750223009
750223010
750223011
750225501
750225502
750225503
750225504
750225505
750225506
750225507
750225508
750225509
750225510
750225511
750228001
750228002
750228003
750228004
750228005
750228006
750228007
750228008
750228009
750228010
750228011
750230501
750230502
750230503
750230504
750230505
750230506
750230507
750230508
750230509
750230510
750230511
750233001
750233002
750233003
750233004
750233005
750233006
750233007
750233008
750233009
750233010
750233011
750235501
750235502
750235503
750235504
750235505
750235506
750235507
750235508
750235509
750235510
750235511
750238001
750238002
750238003
750238004
750238005
750238006
750238007
750238008
750238009
750238010
750238011
750240501
750240502
750240503
750240504
750240505
750240506
750240507
750240508
750240509
750240510
750240511
750243001
750243002
750243003
750243004
750243005
750243006
750243007
750243008
750243009
750243010
750243011
750245501
750245502
750245503
750245504
750245505
750245506
750245507
750245508
750245509
750245510
750245511
750248001
750248002
750248003
750248004
750248005
750248006
750248007
750248008
750248009
750248010
750248011
750250501
750250502
750250503
750250504
750250505
750250506
750250507
750250508
750250509
750250510
750250511
750253001
750253002
750253003
750253004
750253005
750253006
750253007
750253008
750253009
750253010
750253011
750255501
750255502
750255503
750255504
750255505
750255506
750255507
750255508
750255509
750255510
750255511
750258001
750258002
750258003
750258004
750258005
750258006
750258007
750258008
750258009
750258010
750258011
750260501
750260502
750260503
750260504
750260505
750260506
750260507
750260508
750260509
750260510
750260511
750263001
750263002
750263003
750263004
750263005
750263006
750263007
750263008
750263009
750263010
750263011
750265501
750265502
750265503
750265504
750265505
750265506
750265507
750265508
750265509
750265510
750265511
750268001
750268002
750268003
750268004
750268005
750268006
750268007
750268008
750268009
750268010
750268011
750270501
750270502
750270503
750270504
750270505
750270506
750270507
750270508
750270509
750270510
750270511
750273001
750273002
750273003
750273004
750273005
750273006
750273007
750273008
750273009
750273010
750273011
750275501
750275502
750275503
750275504
750275505
750275506
750275507
750275508
750275509
750275510
750275511
750278001
750278002
750278003
750278004
750278005
750278006
750278007
750278008
750278009
750278010
750278011
750280501
750280502
750280503
750280504
750280505
750280506
750280507
750280508
750280509
750280510
750280511
750283001
750283002
750283003
750283004
750283005
750283006
750283007
750283008
750283009
750283010
750283011
760060501
760060502
760060503
760060504
760060505
760060506
760060507
760060508
760060509
760060510
760060511
760063001
760063002
760063003
760063004
760063005
760063006
760063007
760063008
760063009
760063010
760063011
760065501
760065502
760065503
760065504
760065505
760065506
760065507
760065508
760065509
760065510
760065511
760068001
760068002
760068003
760068004
760068005
760068006
760068007
760068008
760068009
760068010
760068011
760070501
760070502
760070503
760070504
760070505
760070506
760070507
760070508
760070509
760070510
760070511
760073001
760073002
760073003
760073004
760073005
760073006
760073007
760073008
760073009
760073010
760073011
760075501
760075502
760075503
760075504
760075505
760075506
760075507
760075508
760075509
760075510
760075511
760078001
760078002
760078003
760078004
760078005
760078006
760078007
760078008
760078009
760078010
760078011
760080501
760080502
760080503
760080504
760080505
760080506
760080507
760080508
760080509
760080510
760080511
760083001
760083002
760083003
760083004
760083005
760083006
760083007
760083008
760083009
760083010
760083011
760085501
760085502
760085503
760085504
760085505
760085506
760085507
760085508
760085509
760085510
760085511
760088001
760088002
760088003
760088004
760088005
760088006
760088007
760088008
760088009
760088010
760088011
760090501
760090502
760090503
760090504
760090505
760090506
760090507
760090508
760090509
760090510
760090511
760093001
760093002
760093003
760093004
760093005
760093006
760093007
760093008
760093009
760093010
760093011
760095501
760095502
760095503
760095504
760095505
760095506
760095507
760095508
760095509
760095510
760095511
760098001
760098002
760098003
760098004
760098005
760098006
760098007
760098008
760098009
760098010
760098011
760100501
760100502
760100503
760100504
760100505
760100506
760100507
760100508
760100509
760100510
760100511
760103001
760103002
760103003
760103004
760103005
760103006
760103007
760103008
760103009
760103010
760103011
760105501
760105502
760105503
760105504
760105505
760105506
760105507
760105508
760105509
760105510
760105511
760108001
760108002
760108003
760108004
760108005
760108006
760108007
760108008
760108009
760108010
760108011
760110501
760110502
760110503
760110504
760110505
760110506
760110507
760110508
760110509
760110510
760110511
760113001
760113002
760113003
760113004
760113005
760113006
760113007
760113008
760113009
760113010
760113011
760115501
760115502
760115503
760115504
760115505
760115506
760115507
760115508
760115509
760115510
760115511
760118001
760118002
760118003
760118004
760118005
760118006
760118007
760118008
760118009
760118010
760118011
760120501
760120502
760120503
760120504
760120505
760120506
760120507
760120508
760120509
760120510
760120511
760123001
760123002
760123003
760123004
760123005
760123006
760123007
760123008
760123009
760123010
760123011
760125501
760125502
760125503
760125504
760125505
760125506
760125507
760125508
760125509
760125510
760125511
760128001
760128002
760128003
760128004
760128005
760128006
760128007
760128008
760128009
760128010
760128011
760130501
760130502
760130503
760130504
760130505
760130506
760130507
760130508
760130509
760130510
760130511
760133001
760133002
760133003
760133004
760133005
760133006
760133007
760133008
760133009
760133010
760133011
760135501
760135502
760135503
760135504
760135505
760135506
760135507
760135508
760135509
760135510
760135511
760138001
760138002
760138003
760138004
760138005
760138006
760138007
760138008
760138009
760138010
760138011
760140501
760140502
760140503
760140504
760140505
760140506
760140507
760140508
760140509
760140510
760140511
760143001
760143002
760143003
760143004
760143005
760143006
760143007
760143008
760143009
760143010
760143011
760145501
760145502
760145503
760145504
760145505
760145506
760145507
760145508
760145509
760145510
760145511
760148001
760148002
760148003
760148004
760148005
760148006
760148007
760148008
760148009
760148010
760148011
770060501
770060502
770060503
770060504
770060505
770060506
770060507
770060508
770060509
770060510
770060511
770063001
770063002
770063003
770063004
770063005
770063006
770063007
770063008
770063009
770063010
770063011
770065501
770065502
770065503
770065504
770065505
770065506
770065507
770065508
770065509
770065510
770065511
770068001
770068002
770068003
770068004
770068005
770068006
770068007
770068008
770068009
770068010
770068011
770070501
770070502
770070503
770070504
770070505
770070506
770070507
770070508
770070509
770070510
770070511
770073001
770073002
770073003
770073004
770073005
770073006
770073007
770073008
770073009
770073010
770073011
770075501
770075502
770075503
770075504
770075505
770075506
770075507
770075508
770075509
770075510
770075511
770078001
770078002
770078003
770078004
770078005
770078006
770078007
770078008
770078009
770078010
770078011
770080501
770080502
770080503
770080504
770080505
770080506
770080507
770080508
770080509
770080510
770080511
770083001
770083002
770083003
770083004
770083005
770083006
770083007
770083008
770083009
770083010
770083011
770085501
770085502
770085503
770085504
770085505
770085506
770085507
770085508
770085509
770085510
770085511
770088001
770088002
770088003
770088004
770088005
770088006
770088007
770088008
770088009
770088010
770088011
770090501
770090502
770090503
770090504
770090505
770090506
770090507
770090508
770090509
770090510
770090511
770093001
770093002
770093003
770093004
770093005
770093006
770093007
770093008
770093009
770093010
770093011
770095501
770095502
770095503
770095504
770095505
770095506
770095507
770095508
770095509
770095510
770095511
770098001
770098002
770098003
770098004
770098005
770098006
770098007
770098008
770098009
770098010
770098011
770100501
770100502
770100503
770100504
770100505
770100506
770100507
770100508
770100509
770100510
770100511
770103001
770103002
770103003
770103004
770103005
770103006
770103007
770103008
770103009
770103010
770103011
770105501
770105502
770105503
770105504
770105505
770105506
770105507
770105508
770105509
770105510
770105511
770108001
770108002
770108003
770108004
770108005
770108006
770108007
770108008
770108009
770108010
770108011
770110501
770110502
770110503
770110504
770110505
770110506
770110507
770110508
770110509
770110510
770110511
770113001
770113002
770113003
770113004
770113005
770113006
770113007
770113008
770113009
770113010
770113011
770115501
770115502
770115503
770115504
770115505
770115506
770115507
770115508
770115509
770115510
770115511
770118001
770118002
770118003
770118004
770118005
770118006
770118007
770118008
770118009
770118010
770118011
770120501
770120502
770120503
770120504
770120505
770120506
770120507
770120508
770120509
770120510
770120511
770123001
770123002
770123003
770123004
770123005
770123006
770123007
770123008
770123009
770123010
770123011
770125501
770125502
770125503
770125504
770125505
770125506
770125507
770125508
770125509
770125510
770125511
770128001
770128002
770128003
770128004
770128005
770128006
770128007
770128008
770128009
770128010
770128011
770130501
770130502
770130503
770130504
770130505
770130506
770130507
770130508
770130509
770130510
770130511
770133001
770133002
770133003
770133004
770133005
770133006
770133007
770133008
770133009
770133010
770133011
770135501
770135502
770135503
770135504
770135505
770135506
770135507
770135508
770135509
770135510
770135511
770138001
770138002
770138003
770138004
770138005
770138006
770138007
770138008
770138009
770138010
770138011
770140501
770140502
770140503
770140504
770140505
770140506
770140507
770140508
770140509
770140510
770140511
770143001
770143002
770143003
770143004
770143005
770143006
770143007
770143008
770143009
770143010
770143011
770145501
770145502
770145503
770145504
770145505
770145506
770145507
770145508
770145509
770145510
770145511
770148001
770148002
770148003
770148004
770148005
770148006
770148007
770148008
770148009
770148010
770148011
770150501
770150502
770150503
770150504
770150505
770150506
770150507
770150508
770150509
770150510
770150511
770153001
770153002
770153003
770153004
770153005
770153006
770153007
770153008
770153009
770153010
770153011
770155501
770155502
770155503
770155504
770155505
770155506
770155507
770155508
770155509
770155510
770155511
770158001
770158002
770158003
770158004
770158005
770158006
770158007
770158008
770158009
770158010
770158011
770160501
770160502
770160503
770160504
770160505
770160506
770160507
770160508
770160509
770160510
770160511
770163001
770163002
770163003
770163004
770163005
770163006
770163007
770163008
770163009
770163010
770163011
770165501
770165502
770165503
770165504
770165505
770165506
770165507
770165508
770165509
770165510
770165511
770168001
770168002
770168003
770168004
770168005
770168006
770168007
770168008
770168009
770168010
770168011
780060501
780060502
780060503
780060504
780060505
780060506
780060507
780060508
780060509
780060510
780060511
780065501
780065502
780065503
780065504
780065505
780065506
780065507
780065508
780065509
780065510
780065511
780068001
780068002
780068003
780068004
780068005
780068006
780068007
780068008
780068009
780068010
780068011
780073001
780073002
780073003
780073004
780073005
780073006
780073007
780073008
780073009
780073010
780073011
780075501
780075502
780075503
780075504
780075505
780075506
780075507
780075508
780075509
780075510
780075511
780085501
780085502
780085503
780085504
780085505
780085506
780085507
780085508
780085509
780085510
780085511
780088001
780088002
780088003
780088004
780088005
780088006
780088007
780088008
780088009
780088010
780088011
780090501
780090502
780090503
780090504
780090505
780090506
780090507
780090508
780090509
780090510
780090511
780113001
780113002
780113003
780113004
780113005
780113006
780113007
780113008
780113009
780113010
780113011
780115501
780115502
780115503
780115504
780115505
780115506
780115507
780115508
780115509
780115510
780115511
780118001
780118002
780118003
780118004
780118005
780118006
780118007
780118008
780118009
780118010
780118011
780120501
780120502
780120503
780120504
780120505
780120506
780120507
780120508
780120509
780120510
780120511
780123001
780123002
780123003
780123004
780123005
780123006
780123007
780123008
780123009
780123010
780123011
780125501
780125502
780125503
780125504
780125505
780125506
780125507
780125508
780125509
780125510
780125511
780128001
780128002
780128003
780128004
780128005
780128006
780128007
780128008
780128009
780128010
780128011
780130501
780130502
780130503
780130504
780130505
780130506
780130507
780130508
780130509
780130510
780130511
780133001
780133002
780133003
780133004
780133005
780133006
780133007
780133008
780133009
780133010
780133011
780135501
780135502
780135503
780135504
780135505
780135506
780135507
780135508
780135509
780135510
780135511
780138001
780138002
780138003
780138004
780138005
780138006
780138007
780138008
780138009
780138010
780138011
780140501
780140502
780140503
780140504
780140505
780140506
780140507
780140508
780140509
780140510
780140511
780143001
780143002
780143003
780143004
780143005
780143006
780143007
780143008
780143009
780143010
780143011
780145501
780145502
780145503
780145504
780145505
780145506
780145507
780145508
780145509
780145510
780145511
780148001
780148002
780148003
780148004
780148005
780148006
780148007
780148008
780148009
780148010
780148011
780150501
780150502
780150503
780150504
780150505
780150506
780150507
780150508
780150509
780150510
780150511
780153001
780153002
780153003
780153004
780153005
780153006
780153007
780153008
780153009
780153010
780153011
780155501
780155502
780155503
780155504
780155505
780155506
780155507
780155508
780155509
780155510
780155511
780158001
780158002
780158003
780158004
780158005
780158006
780158007
780158008
780158009
780158010
780158011
780160501
780160502
780160503
780160504
780160505
780160506
780160507
780160508
780160509
780160510
780160511
780163001
780163002
780163003
780163004
780163005
780163006
780163007
780163008
780163009
780163010
780163011
780165501
780165502
780165503
780165504
780165505
780165506
780165507
780165508
780165509
780165510
780165511
780168001
780168002
780168003
780168004
780168005
780168006
780168007
780168008
780168009
780168010
780168011
780170501
780170502
780170503
780170504
780170505
780170506
780170507
780170508
780170509
780170510
780170511
780173001
780173002
780173003
780173004
780173005
780173006
780173007
780173008
780173009
780173010
780173011
780175501
780175502
780175503
780175504
780175505
780175506
780175507
780175508
780175509
780175510
780175511
780178001
780178002
780178003
780178004
780178005
780178006
780178007
780178008
780178009
780178010
780178011
780180501
780180502
780180503
780180504
780180505
780180506
780180507
780180508
780180509
780180510
780180511
780183001
780183002
780183003
780183004
780183005
780183006
780183007
780183008
780183009
780183010
780183011
780185501
780185502
780185503
780185504
780185505
780185506
780185507
780185508
780185509
780185510
780185511
780188001
780188002
780188003
780188004
780188005
780188006
780188007
780188008
780188009
780188010
780188011
780190501
780190502
780190503
780190504
780190505
780190506
780190507
780190508
780190509
780190510
780190511
780193001
780193002
780193003
780193004
780193005
780193006
780193007
780193008
780193009
780193010
780193011
780195501
780195502
780195503
780195504
780195505
780195506
780195507
780195508
780195509
780195510
780195511
780198001
780198002
780198003
780198004
780198005
780198006
780198007
780198008
780198009
780198010
780198011
780200501
780200502
780200503
780200504
780200505
780200506
780200507
780200508
780200509
780200510
780200511
780203001
780203002
780203003
780203004
780203005
780203006
780203007
780203008
780203009
780203010
780203011
780205501
780205502
780205503
780205504
780205505
780205506
780205507
780205508
780205509
780205510
780205511
780208001
780208002
780208003
780208004
780208005
780208006
780208007
780208008
780208009
780208010
780208011
780210501
780210502
780210503
780210504
780210505
780210506
780210507
780210508
780210509
780210510
780210511
780213001
780213002
780213003
780213004
780213005
780213006
780213007
780213008
780213009
780213010
780213011
780215501
780215502
780215503
780215504
780215505
780215506
780215507
780215508
780215509
780215510
780215511
780218001
780218002
780218003
780218004
780218005
780218006
780218007
780218008
780218009
780218010
780218011
780220501
780220502
780220503
780220504
780220505
780220506
780220507
780220508
780220509
780220510
780220511
780223001
780223002
780223003
780223004
780223005
780223006
780223007
780223008
780223009
780223010
780223011
780225501
780225502
780225503
780225504
780225505
780225506
780225507
780225508
780225509
780225510
780225511
780228001
780228002
780228003
780228004
780228005
780228006
780228007
780228008
780228009
780228010
780228011
780230501
780230502
780230503
780230504
780230505
780230506
780230507
780230508
780230509
780230510
780230511
780233001
780233002
780233003
780233004
780233005
780233006
780233007
780233008
780233009
780233010
780233011
780235501
780235502
780235503
780235504
780235505
780235506
780235507
780235508
780235509
780235510
780235511
780238001
780238002
780238003
780238004
780238005
780238006
780238007
780238008
780238009
780238010
780238011
780240501
780240502
780240503
780240504
780240505
780240506
780240507
780240508
780240509
780240510
780240511
780243001
780243002
780243003
780243004
780243005
780243006
780243007
780243008
780243009
780243010
780243011
780245501
780245502
780245503
780245504
780245505
780245506
780245507
780245508
780245509
780245510
780245511
780248001
780248002
780248003
780248004
780248005
780248006
780248007
780248008
780248009
780248010
780248011
780250501
780250502
780250503
780250504
780250505
780250506
780250507
780250508
780250509
780250510
780250511
780253001
780253002
780253003
780253004
780253005
780253006
780253007
780253008
780253009
780253010
780253011
780255501
780255502
780255503
780255504
780255505
780255506
780255507
780255508
780255509
780255510
780255511
780258001
780258002
780258003
780258004
780258005
780258006
780258007
780258008
780258009
780258010
780258011
790060501
790060502
790060503
790060504
790060505
790060506
790060507
790060508
790060509
790060510
790060511
790063001
790063002
790063003
790063004
790063005
790063006
790063007
790063008
790063009
790063010
790063011
790065501
790065502
790065503
790065504
790065505
790065506
790065507
790065508
790065509
790065510
790065511
790068001
790068002
790068003
790068004
790068005
790068006
790068007
790068008
790068009
790068010
790068011
790070501
790070502
790070503
790070504
790070505
790070506
790070507
790070508
790070509
790070510
790070511
790073001
790073002
790073003
790073004
790073005
790073006
790073007
790073008
790073009
790073010
790073011
790075501
790075502
790075503
790075504
790075505
790075506
790075507
790075508
790075509
790075510
790075511
790078001
790078002
790078003
790078004
790078005
790078006
790078007
790078008
790078009
790078010
790078011
790080501
790080502
790080503
790080504
790080505
790080506
790080507
790080508
790080509
790080510
790080511
790083001
790083002
790083003
790083004
790083005
790083006
790083007
790083008
790083009
790083010
790083011
790085501
790085502
790085503
790085504
790085505
790085506
790085507
790085508
790085509
790085510
790085511
790088001
790088002
790088003
790088004
790088005
790088006
790088007
790088008
790088009
790088010
790088011
790090501
790090502
790090503
790090504
790090505
790090506
790090507
790090508
790090509
790090510
790090511
790093001
790093002
790093003
790093004
790093005
790093006
790093007
790093008
790093009
790093010
790093011
790095501
790095502
790095503
790095504
790095505
790095506
790095507
790095508
790095509
790095510
790095511
790098001
790098002
790098003
790098004
790098005
790098006
790098007
790098008
790098009
790098010
790098011
790100501
790100502
790100503
790100504
790100505
790100506
790100507
790100508
790100509
790100510
790100511
790103001
790103002
790103003
790103004
790103005
790103006
790103007
790103008
790103009
790103010
790103011
790105501
790105502
790105503
790105504
790105505
790105506
790105507
790105508
790105509
790105510
790105511
790108001
790108002
790108003
790108004
790108005
790108006
790108007
790108008
790108009
790108010
790108011
790110501
790110502
790110503
790110504
790110505
790110506
790110507
790110508
790110509
790110510
790110511
790113001
790113002
790113003
790113004
790113005
790113006
790113007
790113008
790113009
790113010
790113011
790115501
790115502
790115503
790115504
790115505
790115506
790115507
790115508
790115509
790115510
790115511
790118001
790118002
790118003
790118004
790118005
790118006
790118007
790118008
790118009
790118010
790118011
790120501
790120502
790120503
790120504
790120505
790120506
790120507
790120508
790120509
790120510
790120511
790123001
790123002
790123003
790123004
790123005
790123006
790123007
790123008
790123009
790123010
790123011
790125501
790125502
790125503
790125504
790125505
790125506
790125507
790125508
790125509
790125510
790125511
790128001
790128002
790128003
790128004
790128005
790128006
790128007
790128008
790128009
790128010
790128011
790130501
790130502
790130503
790130504
790130505
790130506
790130507
790130508
790130509
790130510
790130511
790133001
790133002
790133003
790133004
790133005
790133006
790133007
790133008
790133009
790133010
790133011
790135501
790135502
790135503
790135504
790135505
790135506
790135507
790135508
790135509
790135510
790135511
790138001
790138002
790138003
790138004
790138005
790138006
790138007
790138008
790138009
790138010
790138011
790158001
790158002
790158003
790158004
790158005
790158006
790158007
790158008
790158009
790158010
790158011
790160501
790160502
790160503
790160504
790160505
790160506
790160507
790160508
790160509
790160510
790160511
790163001
790163002
790163003
790163004
790163005
790163006
790163007
790163008
790163009
790163010
790163011
790165501
790165502
790165503
790165504
790165505
790165506
790165507
790165508
790165509
790165510
790165511
790168001
790168002
790168003
790168004
790168005
790168006
790168007
790168008
790168009
790168010
790168011
790170501
790170502
790170503
790170504
790170505
790170506
790170507
790170508
790170509
790170510
790170511
790173001
790173002
790173003
790173004
790173005
790173006
790173007
790173008
790173009
790173010
790173011
790175501
790175502
790175503
790175504
790175505
790175506
790175507
790175508
790175509
790175510
790175511
790178001
790178002
790178003
790178004
790178005
790178006
790178007
790178008
790178009
790178010
790178011
790180501
790180502
790180503
790180504
790180505
790180506
790180507
790180508
790180509
790180510
790180511
790183001
790183002
790183003
790183004
790183005
790183006
790183007
790183008
790183009
790183010
790183011
790185501
790185502
790185503
790185504
790185505
790185506
790185507
790185508
790185509
790185510
790185511
790188001
790188002
790188003
790188004
790188005
790188006
790188007
790188008
790188009
790188010
790188011
790190501
790190502
790190503
790190504
790190505
790190506
790190507
790190508
790190509
790190510
790190511
790193001
790193002
790193003
790193004
790193005
790193006
790193007
790193008
790193009
790193010
790193011
790195501
790195502
790195503
790195504
790195505
790195506
790195507
790195508
790195509
790195510
790195511
790198001
790198002
790198003
790198004
790198005
790198006
790198007
790198008
790198009
790198010
790198011
790200501
790200502
790200503
790200504
790200505
790200506
790200507
790200508
790200509
790200510
790200511
790203001
790203002
790203003
790203004
790203005
790203006
790203007
790203008
790203009
790203010
790203011
790205501
790205502
790205503
790205504
790205505
790205506
790205507
790205508
790205509
790205510
790205511
790208001
790208002
790208003
790208004
790208005
790208006
790208007
790208008
790208009
790208010
790208011
790210501
790210502
790210503
790210504
790210505
790210506
790210507
790210508
790210509
790210510
790210511
790213001
790213002
790213003
790213004
790213005
790213006
790213007
790213008
790213009
790213010
790213011
790215501
790215502
790215503
790215504
790215505
790215506
790215507
790215508
790215509
790215510
790215511
790218001
790218002
790218003
790218004
790218005
790218006
790218007
790218008
790218009
790218010
790218011
800060501
800060502
800060503
800060504
800060505
800060506
800060507
800060508
800060509
800060510
800060511
800063001
800063002
800063003
800063004
800063005
800063006
800063007
800063008
800063009
800063010
800063011
800065501
800065502
800065503
800065504
800065505
800065506
800065507
800065508
800065509
800065510
800065511
800068001
800068002
800068003
800068004
800068005
800068006
800068007
800068008
800068009
800068010
800068011
800070501
800070502
800070503
800070504
800070505
800070506
800070507
800070508
800070509
800070510
800070511
800073001
800073002
800073003
800073004
800073005
800073006
800073007
800073008
800073009
800073010
800073011
800075501
800075502
800075503
800075504
800075505
800075506
800075507
800075508
800075509
800075510
800075511
800078001
800078002
800078003
800078004
800078005
800078006
800078007
800078008
800078009
800078010
800078011
800085501
800085502
800085503
800085504
800085505
800085506
800085507
800085508
800085509
800085510
800085511
800088001
800088002
800088003
800088004
800088005
800088006
800088007
800088008
800088009
800088010
800088011
800090501
800090502
800090503
800090504
800090505
800090506
800090507
800090508
800090509
800090510
800090511
800093001
800093002
800093003
800093004
800093005
800093006
800093007
800093008
800093009
800093010
800093011
800095501
800095502
800095503
800095504
800095505
800095506
800095507
800095508
800095509
800095510
800095511
800098001
800098002
800098003
800098004
800098005
800098006
800098007
800098008
800098009
800098010
800098011
800100501
800100502
800100503
800100504
800100505
800100506
800100507
800100508
800100509
800100510
800100511
800103001
800103002
800103003
800103004
800103005
800103006
800103007
800103008
800103009
800103010
800103011
800105501
800105502
800105503
800105504
800105505
800105506
800105507
800105508
800105509
800105510
800105511
800108001
800108002
800108003
800108004
800108005
800108006
800108007
800108008
800108009
800108010
800108011
800110501
800110502
800110503
800110504
800110505
800110506
800110507
800110508
800110509
800110510
800110511
800113001
800113002
800113003
800113004
800113005
800113006
800113007
800113008
800113009
800113010
800113011
800115501
800115502
800115503
800115504
800115505
800115506
800115507
800115508
800115509
800115510
800115511
800118001
800118002
800118003
800118004
800118005
800118006
800118007
800118008
800118009
800118010
800118011
800120501
800120502
800120503
800120504
800120505
800120506
800120507
800120508
800120509
800120510
800120511
800123001
800123002
800123003
800123004
800123005
800123006
800123007
800123008
800123009
800123010
800123011
800125501
800125502
800125503
800125504
800125505
800125506
800125507
800125508
800125509
800125510
800125511
800128001
800128002
800128003
800128004
800128005
800128006
800128007
800128008
800128009
800128010
800128011
800130501
800130502
800130503
800130504
800130505
800130506
800130507
800130508
800130509
800130510
800130511
800133001
800133002
800133003
800133004
800133005
800133006
800133007
800133008
800133009
800133010
800133011
800135501
800135502
800135503
800135504
800135505
800135506
800135507
800135508
800135509
800135510
800135511
800138001
800138002
800138003
800138004
800138005
800138006
800138007
800138008
800138009
800138010
800138011
800140501
800140502
800140503
800140504
800140505
800140506
800140507
800140508
800140509
800140510
800140511
800143001
800143002
800143003
800143004
800143005
800143006
800143007
800143008
800143009
800143010
800143011
800145501
800145502
800145503
800145504
800145505
800145506
800145507
800145508
800145509
800145510
800145511
800148001
800148002
800148003
800148004
800148005
800148006
800148007
800148008
800148009
800148010
800148011
800150501
800150502
800150503
800150504
800150505
800150506
800150507
800150508
800150509
800150510
800150511
800153001
800153002
800153003
800153004
800153005
800153006
800153007
800153008
800153009
800153010
800153011
800155501
800155502
800155503
800155504
800155505
800155506
800155507
800155508
800155509
800155510
800155511
800158001
800158002
800158003
800158004
800158005
800158006
800158007
800158008
800158009
800158010
800158011
800160501
800160502
800160503
800160504
800160505
800160506
800160507
800160508
800160509
800160510
800160511
800163001
800163002
800163003
800163004
800163005
800163006
800163007
800163008
800163009
800163010
800163011
800165501
800165502
800165503
800165504
800165505
800165506
800165507
800165508
800165509
800165510
800165511
800168001
800168002
800168003
800168004
800168005
800168006
800168007
800168008
800168009
800168010
800168011
800220501
800220502
800220503
800220504
800220505
800220506
800220507
800220508
800220509
800220510
800220511
800223001
800223002
800223003
800223004
800223005
800223006
800223007
800223008
800223009
800223010
800223011
800225501
800225502
800225503
800225504
800225505
800225506
800225507
800225508
800225509
800225510
800225511
800228001
800228002
800228003
800228004
800228005
800228006
800228007
800228008
800228009
800228010
800228011
800230501
800230502
800230503
800230504
800230505
800230506
800230507
800230508
800230509
800230510
800230511
800233001
800233002
800233003
800233004
800233005
800233006
800233007
800233008
800233009
800233010
800233011
800253001
800253002
800253003
800253004
800253005
800253006
800253007
800253008
800253009
800253010
800253011
800255501
800255502
800255503
800255504
800255505
800255506
800255507
800255508
800255509
800255510
800255511
800258001
800258002
800258003
800258004
800258005
800258006
800258007
800258008
800258009
800258010
800258011
800260501
800260502
800260503
800260504
800260505
800260506
800260507
800260508
800260509
800260510
800260511
800263001
800263002
800263003
800263004
800263005
800263006
800263007
800263008
800263009
800263010
800263011
800265501
800265502
800265503
800265504
800265505
800265506
800265507
800265508
800265509
800265510
800265511
800268001
800268002
800268003
800268004
800268005
800268006
800268007
800268008
800268009
800268010
800268011
800270501
800270502
800270503
800270504
800270505
800270506
800270507
800270508
800270509
800270510
800270511
800273001
800273002
800273003
800273004
800273005
800273006
800273007
800273008
800273009
800273010
800273011
800275501
800275502
800275503
800275504
800275505
800275506
800275507
800275508
800275509
800275510
800275511
800278001
800278002
800278003
800278004
800278005
800278006
800278007
800278008
800278009
800278010
800278011
800280501
800280502
800280503
800280504
800280505
800280506
800280507
800280508
800280509
800280510
800280511
800283001
800283002
800283003
800283004
800283005
800283006
800283007
800283008
800283009
800283010
800283011
810090501
810090502
810090503
810090504
810090505
810090506
810090507
810090508
810090509
810090510
810090511
810093001
810093002
810093003
810093004
810093005
810093006
810093007
810093008
810093009
810093010
810093011
