1 18.010565 .997317E+00
1 20.014811 1.99983E-03
1 19.014780 3.71884E-04
1 19.016740 3.10693E-04
1 21.020985 6.23003E-07
1 20.020956 1.15853E-07
2 43.989830 .984204E+00
2 44.993185 1.10574E-02
2 45.994076 3.94707E-03
2 44.994045 7.33989E-04
2 46.997431 4.43446E-05
2 45.997400 8.24623E-06
2 47.998322 3.95734E-06
2 46.998291 1.47180E-06
3 47.984745 .992901E+00
3 49.988991 3.98194E-03
3 49.988991 1.99097E-03
3 48.988960 7.40475E-04
3 48.988960 3.70237E-04
4 44.001062 .990333E+00
4 44.998096 3.64093E-03
4 44.998096 3.64093E-03
4 46.005308 1.98582E-03
4 45.005278 3.69280E-04
5 27.994915 .986544E+00
5 28.998270 1.10836E-02
5 29.999161 1.97822E-03
5 28.999130 3.67867E-04
5 31.002516 2.22250E-05
5 30.002485 4.13292E-06
6 16.031300 .988274E+00
6 17.034655 1.11031E-02
6 17.037475 6.15751E-04
7 31.989830 .995262E+00
7 33.994076 3.99141E-03
7 32.994045 7.42235E-04
8 29.997989 .993974E+00
8 30.995023 3.65431E-03
8 32.002234 1.99312E-03
9 63.961901 .945678E+00
9 65.957695 4.19503E-02
10 45.992904 .991616E+00
11 17.026549 .995872E+00
11 18.023583 3.66129E-03
12 62.995644 .989110E+00
13 17.002740 .997473E+00
13 19.006986 2.00014E-03
13 18.008915 1.55371E-04
14 20.006229 .999844E+00
15 35.976678 .757587E+00
15 37.973729 .242257E+00
16 79.926160 .506781E+00
16 81.924115 .493063E+00
17 127.912297 .999844E+00
18 50.963768 .755908E+00
18 52.960819 .241720E+00
19 59.966986 .937395E+00
19 61.962780 4.15828E-02
19 60.970341 1.05315E-02
19 60.966371 7.39908E-03
19 61.971231 1.87967E-03
20 30.010565 .986237E+00
20 31.013920 1.10802E-02
20 32.014811 1.97761E-03
21 51.971593 .755790E+00
21 53.968644 .241683E+00
22 28.006147 .992687E+00
23 27.010899 .985114E+00
23 28.014254 1.10676E-02
23 28.007933 3.62174E-03
24 49.992328 .748937E+00
24 51.989379 .239491E+00
25 34.005480 .994952E+00
26 26.015650 .977599E+00
26 27.019005 2.19663E-02
27 30.046950 .976990E+00
28 33.997238 .999533E+00
29 65.991722 .986544E+00
30 145.962492 .950180E+00
31 33.987721 .949884E+00
31 35.983515 4.21369E-02
31 34.987105 7.49766E-03
32 46.005480 .983898E+00
33 32.997655 .995107E+00
34 15.994915 .997628E+00
