  1  1.07120016e+00 4.28495329e-04 241.953 4.10722768e-07 
  2  1.04269387e+00 4.17092161e-04 240.487 4.05074055e-07 
  3  1.01458170e+00 4.05846718e-04 239.002 3.99386888e-07 
  4  9.86866319e-01 3.94758921e-04 237.497 3.93662207e-07 
  5  9.59550116e-01 3.83832044e-04 235.971 3.87907570e-07 
  6  9.32635348e-01 3.73066879e-04 234.425 3.82118695e-07 
  7  9.06124119e-01 3.62462069e-04 232.858 3.76304418e-07 
  8  8.80018392e-01 3.52019021e-04 231.282 3.70463249e-07 
  9  8.54320092e-01 3.41741692e-04 229.711 3.64603505e-07 
 10  8.29030905e-01 3.31624449e-04 228.119 3.58720998e-07 
 11  8.04152399e-01 3.21672073e-04 226.506 3.52816941e-07 
 12  7.79685959e-01 3.11886201e-04 224.878 3.46895130e-07 
 13  7.55632910e-01 3.02265520e-04 223.254 3.40955471e-07 
 14  7.31994336e-01 2.92808421e-04 221.609 3.35003886e-07 
 15  7.08771233e-01 2.83519050e-04 219.940 3.29035393e-07 
 16  6.85964472e-01 2.74397047e-04 218.258 3.23064049e-07 
 17  6.63574687e-01 2.65440599e-04 216.580 3.17091975e-07 
 18  6.41602327e-01 2.56651212e-04 214.877 3.11117353e-07 
 19  6.20047820e-01 2.48030083e-04 213.150 3.05133654e-07 
 20  5.98911400e-01 2.39574059e-04 211.416 2.99155784e-07 
 21  5.78193011e-01 2.31287093e-04 209.679 2.93183468e-07 
 22  5.57892652e-01 2.23166362e-04 207.915 2.87208663e-07 
 23  5.38010143e-01 2.15213191e-04 206.126 2.81241203e-07 
 24  5.18544970e-01 2.07427325e-04 204.341 2.75288372e-07 
 25  4.99496548e-01 1.99807116e-04 202.540 2.69344496e-07 
 26  4.80864182e-01 1.92354648e-04 200.711 2.63413851e-07 
 27  4.62646971e-01 1.85067051e-04 198.864 2.57495317e-07 
 28  4.44843890e-01 1.77946126e-04 197.021 2.51596391e-07 
 29  4.27453748e-01 1.70989496e-04 195.151 2.45713838e-07 
 30  4.10475115e-01 1.64198273e-04 193.251 2.39853776e-07 
 31  3.93906533e-01 1.57570181e-04 191.355 2.34015171e-07 
 32  3.77746296e-01 1.51106268e-04 189.444 2.28207115e-07 
 33  3.61992479e-01 1.44804198e-04 187.501 2.22423128e-07 
 34  3.46643138e-01 1.38664201e-04 185.543 2.16669355e-07 
 35  3.31696122e-01 1.32685465e-04 183.583 2.10944052e-07 
 36  3.17149063e-01 1.26866488e-04 181.590 2.05258266e-07 
 37  3.02999464e-01 1.21206375e-04 179.576 1.99603346e-07 
 38  2.89244687e-01 1.15704579e-04 177.590 1.93992998e-07 
 39  2.75881889e-01 1.10359050e-04 175.577 1.88422000e-07 
 40  2.62908100e-01 1.05169457e-04 173.529 1.82894753e-07 
 41  2.50320213e-01 1.00134148e-04 171.464 1.77411349e-07 
 42  2.38114928e-01 9.52520814e-05 169.365 1.71977356e-07 
 43  2.26288782e-01 9.05204186e-05 167.325 1.66592441e-07 
 44  2.14838122e-01 8.59371708e-05 166.773 1.61261686e-07 
 45  2.03759201e-01 8.15055386e-05 166.740 1.55982242e-07 
 46  1.93048122e-01 7.72209087e-05 166.707 1.50761481e-07 
 47  1.82700738e-01 7.30817840e-05 166.700 1.45599616e-07 
 48  1.72712857e-01 6.90866807e-05 166.700 1.40497543e-07 
 49  1.63080031e-01 6.52334941e-05 166.700 1.35461256e-07 
 50  1.53797779e-01 6.15205498e-05 166.700 1.30486384e-07 
 51  1.44861404e-01 5.79458314e-05 166.700 1.25582869e-07 
 52  1.36265977e-01 5.45076030e-05 166.700 1.20747302e-07 
 53  1.28006611e-01 5.12037921e-05 166.700 1.15981891e-07 
 54  1.20078115e-01 4.80323127e-05 166.700 1.11293793e-07 
 55  1.12475176e-01 4.49909879e-05 166.700 1.06679865e-07 
 56  1.05192355e-01 4.20778519e-05 166.700 1.02145404e-07 
 57  9.82241285e-02 3.92905127e-05 166.700 9.76871775e-08 
 58  9.15648225e-02 3.66267026e-05 166.700 9.33134181e-08 
 59  8.52085124e-02 3.40841791e-05 166.700 8.90243993e-08 
 60  7.91492772e-02 3.16603655e-05 166.700 8.48190509e-08 
 61  7.33809958e-02 2.93530174e-05 166.700 8.07019257e-08 
 62  6.78974018e-02 2.71595092e-05 166.700 7.66755125e-08 
 63  6.26921286e-02 2.50773476e-05 166.700 7.27399023e-08 
 64  5.77587682e-02 2.31039942e-05 166.700 6.88950800e-08 
 65  5.30906991e-02 2.12363997e-05 166.864 6.51474648e-08 
 66  4.86811648e-02 1.94725592e-05 167.355 6.14941962e-08 
 67  4.45233500e-02 1.78093697e-05 167.900 5.79407183e-08 
 68  4.06103505e-02 1.62441285e-05 168.491 5.44840872e-08 
 69  3.69352074e-02 1.47740527e-05 169.103 5.11287871e-08 
 70  3.34907123e-02 1.33962452e-05 169.737 4.78772348e-08 
 71  3.02696139e-02 1.21077795e-05 170.393 4.47283036e-08 
 72  2.72646584e-02 1.09057812e-05 171.073 4.16832111e-08 
 73  2.44684913e-02 9.78731155e-06 171.771 3.87436156e-08 
 74  2.18736090e-02 8.74934906e-06 172.479 3.59125442e-08 
 75  1.94724636e-02 7.78888591e-06 173.213 3.31881496e-08 
 76  1.72575051e-02 6.90288818e-06 173.980 3.05721883e-08 
 77  1.52210816e-02 6.08830874e-06 174.809 2.80660544e-08 
 78  1.33554951e-02 5.34206319e-06 175.679 2.56696987e-08 
 79  1.16529967e-02 4.66102185e-06 176.636 2.33846331e-08 
 80  1.01058404e-02 4.04214016e-06 177.852 2.12093685e-08 
 81  8.70622438e-03 3.48229895e-06 179.150 1.91468811e-08 
 82  7.44630438e-03 2.97805273e-06 181.164 1.71958925e-08 
 83  6.31828250e-03 2.52686060e-06 184.361 1.53561559e-08 
 84  5.31441245e-03 2.12534255e-06 187.750 1.36265770e-08 
 85  4.42683707e-03 1.77034148e-06 191.341 1.20114684e-08 
 86  3.64782157e-03 1.45875233e-06 195.222 1.05035040e-08 
 87  2.96970529e-03 1.18753617e-06 199.408 9.10724129e-09 
 88  2.38479261e-03 9.53597670e-07 203.937 7.81973957e-09 
 89  1.88547888e-03 7.53895989e-07 208.856 6.64113396e-09 
 90  1.46426524e-03 5.85447528e-07 214.210 5.56857715e-09 
 91  1.11385084e-03 4.45389569e-07 219.425 4.59931097e-09 
 92  8.26913578e-04 3.30807288e-07 220.398 3.73624037e-09 
 93  5.96366274e-04 2.38682917e-07 216.412 2.97080347e-09 
 94  4.15276532e-04 1.66251866e-07 210.488 2.30598061e-09 
 95  2.76895883e-04 1.10896750e-07 202.322 1.73472323e-09 
 96  1.74804384e-04 7.00334303e-08 193.039 1.25432686e-09 
 97  1.02712812e-04 4.11754453e-08 182.761 8.63534881e-10 
 98  5.47147132e-05 2.19509910e-08 171.323 5.53902581e-10 
 99  2.53191704e-05 1.01614736e-08 159.992 3.21158948e-10 
100  9.36807168e-06 3.73361371e-09 148.164 1.58653540e-10 
