1  1.00 0.01 100.0 1e-6
1  1.00 0.01 110.0 1e-6
1  1.00 0.01 120.0 1e-6
1  1.00 0.01 130.0 1e-6
1  1.00 0.01 140.0 1e-6
1  1.00 0.01 150.0 1e-6
1  1.00 0.01 160.0 1e-6
1  1.00 0.01 170.0 1e-6
1  1.00 0.01 180.0 1e-6
1  1.00 0.01 190.0 1e-6
1  1.00 0.01 200.0 1e-6
1  1.00 0.01 210.0 1e-6
1  1.00 0.01 220.0 1e-6
1  1.00 0.01 230.0 1e-6
1  1.00 0.01 240.0 1e-6
1  1.00 0.01 250.0 1e-6
1  1.00 0.01 260.0 1e-6
1  1.00 0.01 270.0 1e-6
1  1.00 0.01 280.0 1e-6
1  1.00 0.01 290.0 1e-6
1  1.00 0.01 300.0 1e-6
1  1.00 0.01 310.0 1e-6
1  1.00 0.01 320.0 1e-6
1  1.00 0.01 330.0 1e-6
1  1.00 0.01 340.0 1e-6
1  1.00 0.01 350.0 1e-6
1  1.00 0.01 360.0 1e-6
1  1.00 0.01 370.0 1e-6
1  1.00 0.01 380.0 1e-6
1  1.00 0.01 390.0 1e-6
1  1.00 0.01 400.0 1e-6
