   1    0.00000000e+00  0.00000000e+00  198.16439819  8.09160735e-13 
   1    9.37038294e-06  2.72775448e-11  209.99157715  2.33131483e-12 
   1    2.53254202e-05  9.07926928e-11  221.32290649  4.95356794e-12 
   1    5.47282143e-05  2.27802721e-10  232.76098633  8.97331428e-12 
   1    1.02738151e-04  4.71585992e-10  243.03851318  1.43822532e-11 
   1    1.74847519e-04  8.53811077e-10  252.32174683  2.11675070e-11 
   1    2.76964216e-04  1.40671452e-09  260.48748779  2.92784061e-11 
   1    4.15379007e-04  2.14569762e-09  266.41183472  3.83733670e-11 
   1    5.96513448e-04  3.11355186e-09  270.39764404  4.87859475e-11 
   1    8.27117707e-04  4.32898828e-09  269.42453003  6.02475014e-11 
   1    1.11412595e-03  5.80438186e-09  264.21032715  7.26167182e-11 
   1    1.46462687e-03  7.55180807e-09  258.85638428  8.57067264e-11 
   1    1.88594428e-03  9.57953450e-09  253.93687439  9.94106325e-11 
   1    2.38538138e-03  1.19439614e-08  249.40776062  1.14125355e-10 
   1    2.97043798e-03  1.47457317e-08  245.22242737  1.30488176e-10 
   1    3.64872208e-03  1.79846644e-08  241.34140015  1.48159415e-10 
   1    4.42792894e-03  2.17011618e-08  237.75010681  1.67122358e-10 
   1    5.31572476e-03  2.58706283e-08  234.36053467  1.87019192e-10 
   1    6.31984090e-03  3.05240917e-08  231.16357422  2.07829740e-10 
   1    7.44814333e-03  3.56985304e-08  229.15037537  2.29616701e-10 
   1    8.70837178e-03  4.14165306e-08  227.85229492  2.52385779e-10 
   1    1.01083340e-02  4.77000413e-08  226.63558960  2.76097339e-10 
   1    1.16558718e-02  5.44129009e-08  225.67864990  2.99824138e-10 
   1    1.33587923e-02  6.16671016e-08  224.80921936  3.24156368e-10 
   1    1.52248405e-02  6.95211213e-08  223.98016357  3.49282436e-10 
   1    1.72617678e-02  7.80005962e-08  223.21339417  3.75213860e-10 
   1    1.94772650e-02  8.71198083e-08  222.47943115  4.01900097e-10 
   1    2.18790099e-02  9.68641345e-08  221.77111816  4.29158459e-10 
   1    2.44745258e-02  1.06518947e-07  221.07267761  4.53896531e-10 
   1    2.72713918e-02  1.16526941e-07  220.39270020  4.78168172e-10 
   1    3.02770790e-02  1.27348599e-07  219.73651123  5.03836473e-10 
   1    3.34989838e-02  1.38231911e-07  219.10316467  5.27864918e-10 
   1    3.69443335e-02  1.49634005e-07  218.49104309  5.52122348e-10 
   1    4.06203680e-02  1.62309462e-07  217.90029907  5.79246540e-10 
   1    4.45343219e-02  1.75841237e-07  217.35540771  6.07487005e-10 
   1    4.86931726e-02  1.90250717e-07  216.86448669  6.36840414e-10 
   1    5.31038009e-02  2.05817685e-07  216.69999695  6.68058886e-10 
   1    5.77730276e-02  2.22435986e-07  216.70002747  7.00688674e-10 
   1    6.27075881e-02  2.40430154e-07  216.69996643  7.35516315e-10 
   1    6.79141656e-02  2.59618361e-07  216.70001221  7.71856135e-10 
   1    7.33991265e-02  2.81001434e-07  216.69998169  8.12416301e-10 
   1    7.91687742e-02  3.04058233e-07  216.69998169  8.55423565e-10 
   1    8.52295384e-02  3.30202823e-07  216.69999695  9.04488928e-10 
   1    9.15874019e-02  3.58934841e-07  216.70001221  9.57820712e-10 
   1    9.82483774e-02  4.07008173e-07  216.70001221  1.05867948e-09 
   1    1.05218269e-01  4.82751148e-07  216.69998169  1.22456700e-09 
   1    1.12502955e-01  5.64343623e-07  216.70002747  1.39675349e-09 
   1    1.20107718e-01  6.48288847e-07  216.70001221  1.56623559e-09 
   1    1.28038228e-01  7.39062841e-07  216.69996643  1.74377146e-09 
   1    1.36299595e-01  9.57495786e-07  216.69999695  2.20719620e-09 
   1    1.44897193e-01  1.28930299e-06  216.69999695  2.90488456e-09 
   1    1.53835773e-01  1.66950974e-06  216.69999695  3.67802855e-09 
   1    1.63120225e-01  2.22801577e-06  216.69996643  4.80117768e-09 
   1    1.72755539e-01  2.86641966e-06  216.69999695  6.04420158e-09 
   1    1.82745740e-01  3.67818279e-06  216.70748901  7.59180718e-09 
   1    1.93095684e-01  4.98114059e-06  216.73971558  1.00670121e-08 
   1    2.03809574e-01  6.42816667e-06  216.77340698  1.27251338e-08 
   1    2.14891151e-01  8.28394423e-06  217.32473755  1.60667817e-08 
   1    2.26344571e-01  1.11822292e-05  219.36488342  2.12559232e-08 
   1    2.38173768e-01  1.43646657e-05  221.46389771  2.67690758e-08 
   1    2.50382066e-01  1.86172310e-05  223.52932739  3.40224737e-08 
   1    2.62972951e-01  2.66223851e-05  225.57720947  4.77222528e-08 
   1    2.75950044e-01  3.55921911e-05  227.59020996  6.25985521e-08 
   1    2.89316088e-01  4.62507123e-05  229.57557678  7.98307411e-08 
   1    3.03074390e-01  6.62404709e-05  231.59008789  1.12235206e-07 
   1    3.17227125e-01  8.95763878e-05  233.58341980  1.49021460e-07 
   1    3.31777811e-01  1.14495248e-04  235.54313660  1.87065709e-07 
   1    3.46728683e-01  1.41180601e-04  237.50134277  2.26581818e-07 
   1    3.62081885e-01  1.69618943e-04  239.44438171  2.67457835e-07 
   1    3.77839625e-01  1.99767324e-04  241.35504150  3.09541463e-07 
   1    3.94003719e-01  2.37201370e-04  243.25071716  3.61260419e-07 
   1    4.10576344e-01  2.89109885e-04  245.15063477  4.32868831e-07 
   1    4.27559137e-01  3.44484288e-04  247.02113342  5.07148457e-07 
   1    4.44953918e-01  4.03768587e-04  248.86412048  5.84585166e-07 
   1    4.62761015e-01  4.78243513e-04  250.71122742  6.81065615e-07 
   1    4.80982870e-01  5.60804503e-04  252.54028320  7.85688599e-07 
   1    4.99619693e-01  6.47708832e-04  254.34092712  8.92871242e-07 
   1    5.18673241e-01  7.50787207e-04  256.12615967  1.01850196e-06 
   1    5.38142920e-01  8.89976451e-04  257.91513062  1.18833179e-06 
   1    5.58030069e-01  1.03790953e-03  259.67871094  1.36426922e-06 
   1    5.78335285e-01  1.19320943e-03  261.41592407  1.54417307e-06 
   1    5.99059165e-01  1.38029817e-03  263.14993286  1.75894365e-06 
   1    6.20201170e-01  1.59753533e-03  264.87747192  2.00494924e-06 
   1    6.41760707e-01  1.82490773e-03  266.57968140  2.25586518e-06 
   1    6.63738549e-01  2.06475472e-03  268.25839233  2.51431720e-06 
   1    6.86134219e-01  2.36926554e-03  269.93984985  2.84255975e-06 
   1    7.08946586e-01  2.71141599e-03  271.60891724  3.20548725e-06 
   1    7.32175231e-01  3.06842267e-03  273.25436401  3.57484714e-06 
   1    7.55819559e-01  3.44062434e-03  274.87826538  3.95074403e-06 
   1    7.79877722e-01  3.83129087e-03  276.50567627  4.33641708e-06 
   1    8.04350674e-01  4.23864787e-03  278.11941528  4.72933834e-06 
   1    8.29235733e-01  4.66172816e-03  279.71090698  5.12802444e-06 
   1    8.54530513e-01  5.10215992e-03  281.28173828  5.53394239e-06 
   1    8.80235553e-01  5.59786800e-03  282.85833740  5.98723136e-06 
   1    9.06347871e-01  6.12915773e-03  284.42544556  6.46497665e-06 
   1    9.32865858e-01  6.67932071e-03  285.97143555  6.94873142e-06 
   1    9.59787607e-01  7.24855252e-03  287.49679565  7.43812461e-06 
   1    9.87109482e-01  7.83693884e-03  289.00189209  7.93300660e-06 
   1    1.01483321e+00  8.44463427e-03  290.48715210  8.43301586e-06 
   1    1.04295182e+00  9.07169469e-03  291.95278931  8.93789365e-06 
