    1  1.07120E+00  1.85200E-10  292.064  1.77440E-13
    2  1.04270E+00  1.79090E-10  290.543  1.73870E-13
    3  1.01460E+00  1.73100E-10  289.018  1.70380E-13
    4  9.86870E-01  1.67230E-10  287.488  1.66790E-13
    5  9.59550E-01  1.61480E-10  285.950  1.63160E-13
    6  9.32640E-01  1.55840E-10  284.403  1.59660E-13
    7  9.06120E-01  1.50320E-10  282.846  1.56080E-13
    8  8.80020E-01  1.45160E-10  281.277  1.52770E-13
    9  8.54320E-01  1.40440E-10  279.695  1.49860E-13
   10  8.29030E-01  1.35880E-10  278.101  1.46950E-13
   11  8.04150E-01  1.31400E-10  276.494  1.44150E-13
   12  7.79690E-01  1.27010E-10  274.873  1.41290E-13
   13  7.55630E-01  1.22720E-10  273.239  1.38420E-13
   14  7.31990E-01  1.18510E-10  271.591  1.35590E-13
   15  7.08770E-01  1.14380E-10  269.928  1.32760E-13
   16  6.85960E-01  1.10420E-10  268.253  1.30020E-13
   17  6.63570E-01  1.06620E-10  266.563  1.27360E-13
   18  6.41600E-01  1.02920E-10  264.859  1.24780E-13
   19  6.20050E-01  9.92980E-11  263.141  1.22130E-13
   20  5.98910E-01  9.58290E-11  261.408  1.19680E-13
   21  5.78190E-01  9.25110E-11  259.659  1.17270E-13
   22  5.57890E-01  8.92630E-11  257.896  1.14900E-13
   23  5.38010E-01  8.60820E-11  256.120  1.12470E-13
   24  5.18550E-01  8.29670E-11  254.330  1.10120E-13
   25  4.99500E-01  7.99190E-11  252.523  1.07760E-13
   26  4.80860E-01  7.69380E-11  250.699  1.05350E-13
   27  4.62650E-01  7.40230E-11  248.857  1.02980E-13
   28  4.44840E-01  7.11750E-11  246.997  1.00640E-13
   29  4.27450E-01  6.83930E-11  245.124  9.82990E-14
   30  4.10480E-01  6.56760E-11  243.242  9.59490E-14
   31  3.93910E-01  6.30250E-11  241.352  9.35890E-14
   32  3.77750E-01  6.04390E-11  239.446  9.12940E-14
   33  3.61990E-01  5.79190E-11  237.504  8.89440E-14
   34  3.46640E-01  5.54630E-11  235.517  8.67010E-14
   35  3.31700E-01  5.30710E-11  233.502  8.43910E-14
   36  3.17150E-01  5.07440E-11  231.510  8.21390E-14
   37  3.03000E-01  4.84800E-11  229.587  7.98220E-14
   38  2.89240E-01  4.62790E-11  227.708  7.75490E-14
   39  2.75880E-01  4.41410E-11  225.739  7.53230E-14
   40  2.62910E-01  4.20650E-11  223.522  7.31350E-14
   41  2.50320E-01  4.00510E-11  221.081  7.10860E-14
   42  2.38110E-01  3.80980E-11  218.787  6.89710E-14
   43  2.26290E-01  3.62060E-11  217.153  6.66800E-14
   44  2.14840E-01  3.43740E-11  216.439  6.46080E-14
   45  2.03760E-01  3.26020E-11  216.427  6.24870E-14
   46  1.93050E-01  3.08760E-11  216.643  6.02990E-14
   47  1.82700E-01  2.91780E-11  216.767  5.81170E-14
   48  1.72710E-01  2.75210E-11  216.753  5.59490E-14
   49  1.63080E-01  2.59100E-11  216.704  5.37960E-14
   50  1.53800E-01  2.43330E-11  216.685  5.16160E-14
   51  1.44860E-01  2.28090E-11  216.692  4.94390E-14
   52  1.36270E-01  2.13490E-11  216.701  4.72890E-14
   53  1.28010E-01  1.99530E-11  216.703  4.52000E-14
   54  1.20080E-01  1.86090E-11  216.701  4.31110E-14
   55  1.12480E-01  1.73040E-11  216.699  4.10400E-14
   56  1.05190E-01  1.60490E-11  216.699  3.89500E-14
   57  9.82240E-02  1.48570E-11  216.701  3.69380E-14
   58  9.15650E-02  1.37260E-11  216.702  3.49750E-14
   59  8.52090E-02  1.26400E-11  216.696  3.30100E-14
   60  7.91490E-02  1.15950E-11  216.692  3.10650E-14
   61  7.33810E-02  1.06080E-11  216.708  2.91650E-14
   62  6.78970E-02  9.68110E-12  216.721  2.73280E-14
   63  6.26920E-02  8.81130E-12  216.674  2.55620E-14
   64  5.77590E-02  7.99720E-12  216.643  2.38550E-14
   65  5.30910E-02  7.24830E-12  216.846  2.22370E-14
   66  4.86810E-02  6.56260E-12  217.322  2.07300E-14
   67  4.45230E-02  5.91270E-12  217.902  1.92350E-14
   68  4.06100E-02  5.29300E-12  218.493  1.77540E-14
   69  3.69350E-02  4.70870E-12  219.103  1.62950E-14
   70  3.34910E-02  4.15580E-12  219.735  1.48520E-14
   71  3.02700E-02  3.63970E-12  220.392  1.34460E-14
   72  2.72650E-02  3.16720E-12  221.078  1.21050E-14
   73  2.44680E-02  2.75690E-12  221.755  1.09140E-14
   74  2.18740E-02  2.40760E-12  222.419  9.88420E-15
   75  1.94720E-02  2.09570E-12  223.141  8.93280E-15
   76  1.72580E-02  1.81370E-12  223.983  8.03260E-15
   77  1.52210E-02  1.56030E-12  224.917  7.18910E-15
   78  1.33550E-02  1.33330E-12  225.808  6.40320E-15
   79  1.16530E-02  1.13240E-12  226.541  5.68320E-15
   80  1.01060E-02  9.56360E-13  227.333  5.02970E-15
   81  8.70620E-03  8.01630E-13  228.733  4.41570E-15
   82  7.44630E-03  6.65510E-13  231.109  3.84360E-15
   83  6.31830E-03  5.46600E-13  234.273  3.32300E-15
   84  5.31440E-03  4.45290E-13  237.747  2.85510E-15
   85  4.42680E-03  3.59900E-13  241.343  2.44170E-15
   86  3.64780E-03  2.88160E-13  245.169  2.07530E-15
   87  2.96970E-03  2.28190E-13  249.383  1.75020E-15
   88  2.38480E-03  1.77930E-13  253.968  1.45890E-15
   89  1.88550E-03  1.36400E-13  258.761  1.20190E-15
   90  1.46430E-03  1.02450E-13  264.325  9.74030E-16
   91  1.11390E-03  7.50920E-14  269.375  7.75600E-16
   92  8.26910E-04  5.37730E-14  270.524  6.07040E-16
   93  5.96370E-04  3.77760E-14  267.147  4.68910E-16
   94  4.15280E-04  2.58070E-14  260.597  3.57800E-16
   95  2.76900E-04  1.68710E-14  252.236  2.64000E-16
   96  1.74800E-04  1.04540E-14  243.066  1.87210E-16
   97  1.02710E-04  6.03620E-15  232.694  1.26630E-16
   98  5.47150E-05  3.15420E-15  221.294  7.96040E-17
   99  2.53190E-05  1.42790E-15  209.983  4.51290E-17
  100  9.36810E-06  5.14330E-16  198.086  2.18640E-17
