    1  1.07120E+00  2.57090E-10  292.064  2.46320E-13
    2  1.04270E+00  2.50250E-10  290.543  2.42950E-13
    3  1.01460E+00  2.43500E-10  289.018  2.39660E-13
    4  9.86870E-01  2.36850E-10  287.488  2.36220E-13
    5  9.59550E-01  2.30290E-10  285.950  2.32690E-13
    6  9.32640E-01  2.23830E-10  284.403  2.29330E-13
    7  9.06120E-01  2.17470E-10  282.846  2.25800E-13
    8  8.80020E-01  2.11200E-10  281.277  2.22250E-13
    9  8.54320E-01  2.05010E-10  279.695  2.18760E-13
   10  8.29030E-01  1.98920E-10  278.101  2.15130E-13
   11  8.04150E-01  1.92930E-10  276.494  2.11650E-13
   12  7.79690E-01  1.87050E-10  274.873  2.08070E-13
   13  7.55630E-01  1.81280E-10  273.239  2.04470E-13
   14  7.31990E-01  1.75610E-10  271.591  2.00930E-13
   15  7.08770E-01  1.70030E-10  269.928  1.97350E-13
   16  6.85960E-01  1.64560E-10  268.253  1.93770E-13
   17  6.63570E-01  1.59170E-10  266.563  1.90140E-13
   18  6.41600E-01  1.53880E-10  264.860  1.86570E-13
   19  6.20050E-01  1.48700E-10  263.141  1.82890E-13
   20  5.98910E-01  1.43620E-10  261.408  1.79370E-13
   21  5.78190E-01  1.38650E-10  259.659  1.75760E-13
   22  5.57890E-01  1.33780E-10  257.896  1.72200E-13
   23  5.38010E-01  1.29010E-10  256.120  1.68560E-13
   24  5.18550E-01  1.24340E-10  254.330  1.65030E-13
   25  4.99500E-01  1.19750E-10  252.523  1.61470E-13
   26  4.80860E-01  1.15270E-10  250.699  1.57850E-13
   27  4.62650E-01  1.10890E-10  248.857  1.54280E-13
   28  4.44840E-01  1.06610E-10  246.997  1.50750E-13
   29  4.27450E-01  1.02430E-10  245.124  1.47230E-13
   30  4.10480E-01  9.83530E-11  243.242  1.43690E-13
   31  3.93910E-01  9.43720E-11  241.352  1.40140E-13
   32  3.77750E-01  9.04890E-11  239.446  1.36680E-13
   33  3.61990E-01  8.67040E-11  237.504  1.33150E-13
   34  3.46640E-01  8.30170E-11  235.517  1.29770E-13
   35  3.31700E-01  7.94280E-11  233.502  1.26300E-13
   36  3.17150E-01  7.59350E-11  231.510  1.22920E-13
   37  3.03000E-01  7.25370E-11  229.587  1.19430E-13
   38  2.89240E-01  6.92360E-11  227.708  1.16020E-13
   39  2.75880E-01  6.60280E-11  225.739  1.12670E-13
   40  2.62910E-01  6.29120E-11  223.522  1.09380E-13
   41  2.50320E-01  5.98800E-11  221.081  1.06280E-13
   42  2.38110E-01  5.69380E-11  218.787  1.03080E-13
   43  2.26290E-01  5.40870E-11  217.153  9.96120E-14
   44  2.14840E-01  5.13290E-11  216.439  9.64760E-14
   45  2.03760E-01  4.86620E-11  216.426  9.32690E-14
   46  1.93050E-01  4.60670E-11  216.643  8.99660E-14
   47  1.82700E-01  4.35180E-11  216.767  8.66810E-14
   48  1.72710E-01  4.10340E-11  216.753  8.34210E-14
   49  1.63080E-01  3.86440E-11  216.704  8.02370E-14
   50  1.53800E-01  3.63470E-11  216.685  7.71020E-14
   51  1.44860E-01  3.41410E-11  216.692  7.40030E-14
   52  1.36270E-01  3.19370E-11  216.701  7.07420E-14
   53  1.28010E-01  2.97390E-11  216.703  6.73670E-14
   54  1.20080E-01  2.76380E-11  216.701  6.40270E-14
   55  1.12480E-01  2.56390E-11  216.699  6.08110E-14
   56  1.05190E-01  2.37360E-11  216.699  5.76060E-14
   57  9.82240E-02  2.18510E-11  216.701  5.43270E-14
   58  9.15650E-02  2.00000E-11  216.702  5.09610E-14
   59  8.52090E-02  1.82580E-11  216.696  4.76830E-14
   60  7.91490E-02  1.66210E-11  216.692  4.45320E-14
   61  7.33810E-02  1.50580E-11  216.708  4.13990E-14
   62  6.78970E-02  1.35600E-11  216.721  3.82770E-14
   63  6.26920E-02  1.21570E-11  216.674  3.52670E-14
   64  5.77590E-02  1.08560E-11  216.643  3.23840E-14
   65  5.30910E-02  9.63880E-12  216.846  2.95710E-14
   66  4.86810E-02  8.50090E-12  217.322  2.68520E-14
   67  4.45230E-02  7.45260E-12  217.902  2.42450E-14
   68  4.06100E-02  6.49030E-12  218.493  2.17710E-14
   69  3.69350E-02  5.60710E-12  219.103  1.94040E-14
   70  3.34910E-02  4.80190E-12  219.735  1.71610E-14
   71  3.02700E-02  4.07540E-12  220.392  1.50550E-14
   72  2.72650E-02  3.42090E-12  221.078  1.30750E-14
   73  2.44680E-02  2.83800E-12  221.755  1.12350E-14
   74  2.18740E-02  2.32490E-12  222.419  9.54470E-15
   75  1.94720E-02  1.87450E-12  223.141  7.99010E-15
   76  1.72580E-02  1.48660E-12  223.983  6.58370E-15
   77  1.52210E-02  1.16040E-12  224.917  5.34650E-15
   78  1.33550E-02  8.84870E-13  225.808  4.24970E-15
   79  1.16530E-02  6.61320E-13  226.541  3.31910E-15
   80  1.01060E-02  4.89000E-13  227.333  2.57180E-15
   81  8.70620E-03  3.50750E-13  228.733  1.93200E-15
   82  7.44630E-03  2.41680E-13  231.109  1.39580E-15
   83  6.31830E-03  1.58110E-13  234.273  9.61190E-16
   84  5.31440E-03  9.86920E-14  237.747  6.32800E-16
   85  4.42680E-03  5.94550E-14  241.343  4.03360E-16
   86  3.64780E-03  3.47790E-14  245.169  2.50480E-16
   87  2.96970E-03  2.04090E-14  249.383  1.56540E-16
   88  2.38480E-03  1.12070E-14  253.968  9.18910E-17
   89  1.88550E-03  6.02530E-15  258.761  5.30950E-17
   90  1.46430E-03  3.09690E-15  264.325  2.94440E-17
   91  1.11390E-03  1.50290E-15  269.375  1.55230E-17
   92  8.26910E-04  7.24540E-16  270.524  8.17930E-18
   93  5.96370E-04  3.59690E-16  267.147  4.46470E-18
   94  4.15280E-04  1.71670E-16  260.597  2.38000E-18
   95  2.76900E-04  7.21740E-17  252.236  1.12940E-18
   96  1.74800E-04  2.70980E-17  243.066  4.85280E-19
   97  1.02710E-04  9.22850E-18  232.694  1.93600E-19
   98  5.47150E-05  2.44830E-18  221.294  6.17880E-20
   99  2.53190E-05  4.80700E-19  209.983  1.51930E-20
  100  9.36810E-06  6.09080E-20  198.086  2.58920E-21
