    1  1.07120E+00  3.53500E-04  292.064  3.38680E-07
    2  1.04270E+00  3.44090E-04  290.543  3.34060E-07
    3  1.01460E+00  3.34810E-04  289.018  3.29540E-07
    4  9.86870E-01  3.25660E-04  287.488  3.24800E-07
    5  9.59550E-01  3.16650E-04  285.950  3.19950E-07
    6  9.32640E-01  3.07770E-04  284.403  3.15320E-07
    7  9.06120E-01  2.99020E-04  282.846  3.10480E-07
    8  8.80020E-01  2.90410E-04  281.277  3.05610E-07
    9  8.54320E-01  2.81930E-04  279.695  3.00830E-07
   10  8.29030E-01  2.73580E-04  278.101  2.95870E-07
   11  8.04150E-01  2.65370E-04  276.494  2.91110E-07
   12  7.79690E-01  2.57300E-04  274.873  2.86210E-07
   13  7.55630E-01  2.49360E-04  273.239  2.81260E-07
   14  7.31990E-01  2.41560E-04  271.591  2.76390E-07
   15  7.08770E-01  2.33890E-04  269.928  2.71470E-07
   16  6.85960E-01  2.26370E-04  268.253  2.66550E-07
   17  6.63570E-01  2.18980E-04  266.563  2.61590E-07
   18  6.41600E-01  2.11730E-04  264.859  2.56700E-07
   19  6.20050E-01  2.04620E-04  263.141  2.51670E-07
   20  5.98910E-01  1.97640E-04  261.408  2.46840E-07
   21  5.78190E-01  1.90800E-04  259.659  2.41870E-07
   22  5.57890E-01  1.84100E-04  257.896  2.36980E-07
   23  5.38010E-01  1.77540E-04  256.120  2.31970E-07
   24  5.18550E-01  1.71120E-04  254.330  2.27120E-07
   25  4.99500E-01  1.64830E-04  252.523  2.22250E-07
   26  4.80860E-01  1.58690E-04  250.699  2.17290E-07
   27  4.62650E-01  1.52670E-04  248.857  2.12400E-07
   28  4.44840E-01  1.46800E-04  246.997  2.07580E-07
   29  4.27450E-01  1.41060E-04  245.124  2.02740E-07
   30  4.10480E-01  1.35460E-04  243.242  1.97890E-07
   31  3.93910E-01  1.29990E-04  241.352  1.93030E-07
   32  3.77750E-01  1.24660E-04  239.446  1.88290E-07
   33  3.61990E-01  1.19460E-04  237.504  1.83450E-07
   34  3.46640E-01  1.14390E-04  235.517  1.78820E-07
   35  3.31700E-01  1.09460E-04  233.502  1.74060E-07
   36  3.17150E-01  1.04660E-04  231.510  1.69410E-07
   37  3.03000E-01  9.99900E-05  229.587  1.64630E-07
   38  2.89240E-01  9.54510E-05  227.708  1.59950E-07
   39  2.75880E-01  9.10410E-05  225.739  1.55350E-07
   40  2.62910E-01  8.67600E-05  223.522  1.50840E-07
   41  2.50320E-01  8.26060E-05  221.081  1.46620E-07
   42  2.38110E-01  7.85780E-05  218.787  1.42250E-07
   43  2.26290E-01  7.46750E-05  217.153  1.37530E-07
   44  2.14840E-01  7.08970E-05  216.439  1.33250E-07
   45  2.03760E-01  6.72410E-05  216.427  1.28880E-07
   46  1.93050E-01  6.37060E-05  216.643  1.24410E-07
   47  1.82700E-01  6.02910E-05  216.767  1.20090E-07
   48  1.72710E-01  5.69950E-05  216.753  1.15870E-07
   49  1.63080E-01  5.38160E-05  216.704  1.11740E-07
   50  1.53800E-01  5.07530E-05  216.685  1.07660E-07
   51  1.44860E-01  4.78040E-05  216.692  1.03620E-07
   52  1.36270E-01  4.49680E-05  216.701  9.96050E-08
   53  1.28010E-01  4.22420E-05  216.703  9.56920E-08
   54  1.20080E-01  3.96260E-05  216.701  9.17990E-08
   55  1.12480E-01  3.71170E-05  216.699  8.80330E-08
   56  1.05190E-01  3.47130E-05  216.699  8.42490E-08
   57  9.82240E-02  3.24140E-05  216.701  8.05890E-08
   58  9.15650E-02  3.02160E-05  216.702  7.69920E-08
   59  8.52090E-02  2.81190E-05  216.696  7.34360E-08
   60  7.91490E-02  2.61190E-05  216.692  6.99780E-08
   61  7.33810E-02  2.42160E-05  216.708  6.65760E-08
   62  6.78970E-02  2.24060E-05  216.721  6.32480E-08
   63  6.26920E-02  2.06880E-05  216.674  6.00170E-08
   64  5.77590E-02  1.90600E-05  216.643  5.68570E-08
   65  5.30910E-02  1.75200E-05  216.846  5.37490E-08
   66  4.86810E-02  1.60650E-05  217.322  5.07440E-08
   67  4.45230E-02  1.46930E-05  217.902  4.77980E-08
   68  4.06100E-02  1.34010E-05  218.493  4.49520E-08
   69  3.69350E-02  1.21890E-05  219.103  4.21800E-08
   70  3.34910E-02  1.10520E-05  219.735  3.94980E-08
   71  3.02700E-02  9.98900E-06  220.392  3.69010E-08
   72  2.72650E-02  8.99730E-06  221.078  3.43890E-08
   73  2.44680E-02  8.07460E-06  221.755  3.19660E-08
   74  2.18740E-02  7.21830E-06  222.419  2.96340E-08
   75  1.94720E-02  6.42590E-06  223.141  2.73910E-08
   76  1.72580E-02  5.69500E-06  223.983  2.52220E-08
   77  1.52210E-02  5.02300E-06  224.917  2.31440E-08
   78  1.33550E-02  4.40730E-06  225.808  2.11670E-08
   79  1.16530E-02  3.84550E-06  226.541  1.93000E-08
   80  1.01060E-02  3.33490E-06  227.333  1.75390E-08
   81  8.70620E-03  2.87310E-06  228.733  1.58260E-08
   82  7.44630E-03  2.45730E-06  231.109  1.41920E-08
   83  6.31830E-03  2.08500E-06  234.273  1.26760E-08
   84  5.31440E-03  1.75380E-06  237.747  1.12450E-08
   85  4.42680E-03  1.46090E-06  241.343  9.91100E-09
   86  3.64780E-03  1.20380E-06  245.169  8.66950E-09
   87  2.96970E-03  9.80000E-07  249.383  7.51660E-09
   88  2.38480E-03  7.86980E-07  253.968  6.45280E-09
   89  1.88550E-03  6.22210E-07  258.761  5.48290E-09
   90  1.46430E-03  4.83210E-07  264.325  4.59410E-09
   91  1.11390E-03  3.67570E-07  269.375  3.79650E-09
   92  8.26910E-04  2.72880E-07  270.524  3.08050E-09
   93  5.96370E-04  1.96800E-07  267.147  2.44280E-09
   94  4.15280E-04  1.37040E-07  260.597  1.90000E-09
   95  2.76900E-04  9.13760E-08  252.236  1.42990E-09
   96  1.74800E-04  5.76850E-08  243.066  1.03300E-09
   97  1.02710E-04  3.38950E-08  232.694  7.11060E-10
   98  5.47150E-05  1.80560E-08  221.294  4.55680E-10
   99  2.53190E-05  8.34470E-09  209.983  2.63750E-10
  100  9.36810E-06  3.05180E-09  198.086  1.29730E-10
