    1  1.07120E+00  1.49970E-10  292.064  1.43680E-13
    2  1.04270E+00  1.45980E-10  290.543  1.41720E-13
    3  1.01460E+00  1.42040E-10  289.018  1.39800E-13
    4  9.86870E-01  1.38160E-10  287.488  1.37800E-13
    5  9.59550E-01  1.34340E-10  285.950  1.35740E-13
    6  9.32640E-01  1.30570E-10  284.403  1.33770E-13
    7  9.06120E-01  1.26860E-10  282.846  1.31720E-13
    8  8.80020E-01  1.23190E-10  281.277  1.29640E-13
    9  8.54320E-01  1.19580E-10  279.695  1.27600E-13
   10  8.29030E-01  1.16020E-10  278.101  1.25470E-13
   11  8.04150E-01  1.12520E-10  276.494  1.23430E-13
   12  7.79690E-01  1.09080E-10  274.873  1.21340E-13
   13  7.55630E-01  1.05710E-10  273.239  1.19240E-13
   14  7.31990E-01  1.02410E-10  271.591  1.17170E-13
   15  7.08770E-01  9.91570E-11  269.928  1.15090E-13
   16  6.85960E-01  9.59600E-11  268.253  1.13000E-13
   17  6.63570E-01  9.28130E-11  266.563  1.10870E-13
   18  6.41600E-01  8.97220E-11  264.860  1.08780E-13
   19  6.20050E-01  8.66920E-11  263.141  1.06630E-13
   20  5.98910E-01  8.37200E-11  261.408  1.04560E-13
   21  5.78190E-01  8.08090E-11  259.659  1.02440E-13
   22  5.57890E-01  7.79570E-11  257.896  1.00340E-13
   23  5.38010E-01  7.51640E-11  256.120  9.82040E-14
   24  5.18550E-01  7.24300E-11  254.330  9.61350E-14
   25  4.99500E-01  6.97550E-11  252.523  9.40540E-14
   26  4.80860E-01  6.71400E-11  250.699  9.19360E-14
   27  4.62650E-01  6.45880E-11  248.857  8.98560E-14
   28  4.44840E-01  6.21000E-11  246.997  8.78110E-14
   29  4.27450E-01  5.96720E-11  245.124  8.57660E-14
   30  4.10480E-01  5.73010E-11  243.242  8.37130E-14
   31  3.93910E-01  5.49810E-11  241.352  8.16450E-14
   32  3.77750E-01  5.27150E-11  239.446  7.96250E-14
   33  3.61990E-01  5.05050E-11  237.504  7.75590E-14
   34  3.46640E-01  4.83530E-11  235.517  7.55870E-14
   35  3.31700E-01  4.62580E-11  233.502  7.35570E-14
   36  3.17150E-01  4.42200E-11  231.510  7.15790E-14
   37  3.03000E-01  4.22350E-11  229.587  6.95400E-14
   38  2.89240E-01  4.03020E-11  227.708  6.75330E-14
   39  2.75880E-01  3.84220E-11  225.739  6.55640E-14
   40  2.62910E-01  3.65970E-11  223.522  6.36280E-14
   41  2.50320E-01  3.48230E-11  221.081  6.18070E-14
   42  2.38110E-01  3.31020E-11  218.787  5.99270E-14
   43  2.26290E-01  3.14360E-11  217.153  5.78950E-14
   44  2.14840E-01  2.98240E-11  216.439  5.60560E-14
   45  2.03760E-01  2.82650E-11  216.426  5.41760E-14
   46  1.93050E-01  2.67420E-11  216.643  5.22250E-14
   47  1.82700E-01  2.52240E-11  216.767  5.02430E-14
   48  1.72710E-01  2.37340E-11  216.753  4.82510E-14
   49  1.63080E-01  2.23020E-11  216.704  4.63050E-14
   50  1.53800E-01  2.09250E-11  216.685  4.43870E-14
   51  1.44860E-01  1.96040E-11  216.692  4.24920E-14
   52  1.36270E-01  1.82470E-11  216.701  4.04170E-14
   53  1.28010E-01  1.68580E-11  216.703  3.81880E-14
   54  1.20080E-01  1.55340E-11  216.701  3.59870E-14
   55  1.12480E-01  1.42800E-11  216.699  3.38700E-14
   56  1.05190E-01  1.30900E-11  216.699  3.17680E-14
   57  9.82240E-02  1.18860E-11  216.701  2.95520E-14
   58  9.15650E-02  1.06860E-11  216.702  2.72290E-14
   59  8.52090E-02  9.56730E-12  216.696  2.49860E-14
   60  7.91490E-02  8.52630E-12  216.692  2.28430E-14
   61  7.33810E-02  7.53270E-12  216.708  2.07090E-14
   62  6.78970E-02  6.57850E-12  216.721  1.85700E-14
   63  6.26920E-02  5.69330E-12  216.674  1.65160E-14
   64  5.77590E-02  4.88450E-12  216.643  1.45700E-14
   65  5.30910E-02  4.14510E-12  216.846  1.27170E-14
   66  4.86810E-02  3.47150E-12  217.322  1.09660E-14
   67  4.45230E-02  2.86360E-12  217.902  9.31600E-15
   68  4.06100E-02  2.32330E-12  218.493  7.79310E-15
   69  3.69350E-02  1.85580E-12  219.103  6.42230E-15
   70  3.34910E-02  1.45020E-12  219.735  5.18270E-15
   71  3.02700E-02  1.09820E-12  220.392  4.05700E-15
   72  2.72650E-02  8.15150E-13  221.078  3.11560E-15
   73  2.44680E-02  6.00350E-13  221.755  2.37670E-15
   74  2.18740E-02  4.30600E-13  222.419  1.76780E-15
   75  1.94720E-02  2.88860E-13  223.141  1.23130E-15
   76  1.72580E-02  1.80310E-13  223.983  7.98560E-16
   77  1.52210E-02  1.11200E-13  224.917  5.12380E-16
   78  1.33550E-02  6.41610E-14  225.808  3.08140E-16
   79  1.16530E-02  3.24970E-14  226.541  1.63100E-16
   80  1.01060E-02  1.73050E-14  227.333  9.10130E-17
   81  8.70620E-03  8.82180E-15  228.733  4.85940E-17
   82  7.44630E-03  3.78530E-15  231.109  2.18620E-17
   83  6.31830E-03  1.59000E-15  234.273  9.66610E-18
   84  5.31440E-03  5.22640E-16  237.747  3.35110E-18
   85  4.42680E-03  1.72220E-16  241.343  1.16840E-18
   86  3.64780E-03  4.20270E-17  245.169  3.02670E-19
   87  2.96970E-03  1.41250E-17  249.383  1.08340E-19
   88  2.38480E-03  2.72210E-18  253.968  2.23200E-20
   89  1.88550E-03  7.52210E-19  258.761  6.62850E-21
   90  1.46430E-03  1.83100E-19  264.325  1.74080E-21
   91  1.11390E-03  3.52570E-20  269.375  3.64150E-22
   92  8.26910E-04  6.20910E-21  270.524  7.00930E-23
   93  5.96370E-04  1.34190E-21  267.147  1.66560E-23
   94  4.15280E-04  3.47980E-22  260.597  4.82450E-24
   95  2.76900E-04  5.01920E-23  252.236  7.85410E-25
   96  1.74800E-04  5.67570E-24  243.066  1.01640E-25
   97  1.02710E-04  8.47540E-25  232.694  1.77800E-26
   98  5.47150E-05  6.04910E-26  221.294  1.52660E-27
   99  2.53190E-05  2.31090E-27  209.983  7.30400E-29
  100  9.36810E-06  6.41090E-29  198.086  2.72530E-30
