    1  1.07120E+00  3.60000E-17  292.064  3.50000E-20
    2  1.04270E+00  3.58300E-17  290.543  3.47860E-20
    3  1.01460E+00  9.86870E-17  289.018  9.71330E-20
    4  9.86870E-01  1.58900E-16  287.488  1.58480E-19
    5  9.59550E-01  2.16490E-16  285.950  2.18750E-19
    6  9.32640E-01  2.71490E-16  284.403  2.78150E-19
    7  9.06120E-01  3.23920E-16  282.846  3.36330E-19
    8  8.80020E-01  3.73210E-16  281.277  3.92760E-19
    9  8.54320E-01  4.19290E-16  279.695  4.47400E-19
   10  8.29030E-01  4.62760E-16  278.101  5.00450E-19
   11  8.04150E-01  5.03830E-16  276.494  5.52710E-19
   12  7.79690E-01  4.08390E-15  274.873  4.54280E-18
   13  7.55630E-01  1.24200E-14  273.239  1.40090E-17
   14  7.31990E-01  2.17800E-14  271.591  2.49200E-17
   15  7.08770E-01  3.06640E-14  269.928  3.55900E-17
   16  6.85960E-01  3.89930E-14  268.253  4.59150E-17
   17  6.63570E-01  4.67550E-14  266.563  5.58530E-17
   18  6.41600E-01  5.40470E-14  264.860  6.55280E-17
   19  6.20050E-01  6.09010E-14  263.141  7.49070E-17
   20  5.98910E-01  1.44350E-13  261.408  1.80280E-16
   21  5.78190E-01  3.01560E-13  259.659  3.82270E-16
   22  5.57890E-01  4.53100E-13  257.896  5.83230E-16
   23  5.38010E-01  5.95170E-13  256.120  7.77610E-16
   24  5.18550E-01  7.26550E-13  254.330  9.64330E-16
   25  4.99500E-01  8.48060E-13  252.523  1.14350E-15
   26  4.80860E-01  9.61350E-13  250.699  1.31640E-15
   27  4.62650E-01  1.02600E-12  248.857  1.42740E-15
   28  4.44840E-01  1.02790E-12  246.997  1.45350E-15
   29  4.27450E-01  1.01070E-12  245.124  1.45270E-15
   30  4.10480E-01  9.92970E-13  243.242  1.45070E-15
   31  3.93910E-01  9.74420E-13  241.352  1.44700E-15
   32  3.77750E-01  9.55210E-13  239.446  1.44280E-15
   33  3.61990E-01  9.35610E-13  237.504  1.43680E-15
   34  3.46640E-01  9.03160E-13  235.517  1.41180E-15
   35  3.31700E-01  8.56880E-13  233.502  1.36260E-15
   36  3.17150E-01  8.09960E-13  231.510  1.31110E-15
   37  3.03000E-01  7.64820E-13  229.587  1.25930E-15
   38  2.89240E-01  7.21470E-13  227.708  1.20900E-15
   39  2.75880E-01  6.79810E-13  225.739  1.16000E-15
   40  2.62910E-01  6.45950E-13  223.522  1.12300E-15
   41  2.50320E-01  6.28380E-13  221.081  1.11530E-15
   42  2.38110E-01  6.19580E-13  218.787  1.12170E-15
   43  2.26290E-01  6.09900E-13  217.153  1.12320E-15
   44  2.14840E-01  5.99300E-13  216.439  1.12640E-15
   45  2.03760E-01  5.87900E-13  216.426  1.12680E-15
   46  1.93050E-01  6.23320E-13  216.643  1.21730E-15
   47  1.82700E-01  7.84440E-13  216.767  1.56250E-15
   48  1.72710E-01  1.01080E-12  216.753  2.05490E-15
   49  1.63080E-01  1.21400E-12  216.704  2.52050E-15
   50  1.53800E-01  1.39480E-12  216.685  2.95870E-15
   51  1.44860E-01  1.55420E-12  216.692  3.36880E-15
   52  1.36270E-01  2.19040E-12  216.701  4.85170E-15
   53  1.28010E-01  3.27400E-12  216.703  7.41670E-15
   54  1.20080E-01  4.27690E-12  216.701  9.90800E-15
   55  1.12480E-01  5.16150E-12  216.699  1.22420E-14
   56  1.05190E-01  5.98010E-12  216.699  1.45130E-14
   57  9.82240E-02  7.33230E-12  216.701  1.82300E-14
   58  9.15650E-02  9.07870E-12  216.702  2.31330E-14
   59  8.52090E-02  1.05850E-11  216.696  2.76450E-14
   60  7.91490E-02  1.18650E-11  216.692  3.17880E-14
   61  7.33810E-02  1.32190E-11  216.708  3.63430E-14
   62  6.78970E-02  1.47120E-11  216.721  4.15290E-14
   63  6.26920E-02  1.60330E-11  216.674  4.65120E-14
   64  5.77590E-02  1.70910E-11  216.643  5.09820E-14
   65  5.30910E-02  1.81360E-11  216.846  5.56400E-14
   66  4.86810E-02  1.91880E-11  217.322  6.06110E-14
   67  4.45230E-02  2.00070E-11  217.902  6.50850E-14
   68  4.06100E-02  2.06360E-11  218.493  6.92180E-14
   69  3.69350E-02  2.12250E-11  219.103  7.34530E-14
   70  3.34910E-02  2.16860E-11  219.735  7.75030E-14
   71  3.02700E-02  2.18760E-11  220.392  8.08140E-14
   72  2.72650E-02  2.17890E-11  221.078  8.32820E-14
   73  2.44680E-02  2.10880E-11  221.755  8.34860E-14
   74  2.18740E-02  1.98100E-11  222.419  8.13300E-14
   75  1.94720E-02  1.84170E-11  223.141  7.85030E-14
   76  1.72580E-02  1.65980E-11  223.983  7.35100E-14
   77  1.52210E-02  1.40440E-11  224.917  6.47090E-14
   78  1.33550E-02  1.13740E-11  225.808  5.46240E-14
   79  1.16530E-02  8.87900E-12  226.541  4.45630E-14
   80  1.01060E-02  6.48140E-12  227.333  3.40870E-14
   81  8.70620E-03  4.38780E-12  228.733  2.41700E-14
   82  7.44630E-03  2.75400E-12  231.109  1.59060E-14
   83  6.31830E-03  1.52120E-12  234.273  9.24760E-15
   84  5.31440E-03  7.36250E-13  237.747  4.72070E-15
   85  4.42680E-03  3.19270E-13  241.343  2.16600E-15
   86  3.64780E-03  1.15010E-13  245.169  8.28310E-16
   87  2.96970E-03  4.26640E-14  249.383  3.27240E-16
   88  2.38480E-03  1.04580E-14  253.968  8.57470E-17
   89  1.88550E-03  2.80650E-15  258.761  2.47310E-17
   90  1.46430E-03  6.18620E-16  264.325  5.88150E-18
   91  1.11390E-03  9.47530E-17  269.375  9.78660E-19
   92  8.26910E-04  1.35430E-17  270.524  1.52890E-19
   93  5.96370E-04  2.34720E-18  267.147  2.91350E-20
   94  4.15280E-04  5.45390E-19  260.597  7.56160E-21
   95  2.76900E-04  5.28940E-20  252.236  8.27690E-22
   96  1.74800E-04  2.61320E-21  243.066  4.67970E-23
   97  1.02710E-04  1.56780E-22  232.694  3.28900E-24
   98  5.47150E-05  3.12050E-24  221.294  7.87540E-26
   99  2.53190E-05  2.32040E-26  209.983  7.33390E-28
  100  9.36810E-06  1.06990E-28  198.086  4.54830E-30
