    1  1.07120E+00  1.39260E-10  292.064  1.33420E-13
    2  1.04270E+00  1.35550E-10  290.543  1.31600E-13
    3  1.01460E+00  1.31900E-10  289.018  1.29820E-13
    4  9.86870E-01  1.28290E-10  287.488  1.27950E-13
    5  9.59550E-01  1.24740E-10  285.950  1.26040E-13
    6  9.32640E-01  1.21240E-10  284.403  1.24220E-13
    7  9.06120E-01  1.17800E-10  282.846  1.22310E-13
    8  8.80020E-01  1.14390E-10  281.277  1.20380E-13
    9  8.54320E-01  1.11040E-10  279.695  1.18480E-13
   10  8.29030E-01  1.07730E-10  278.101  1.16500E-13
   11  8.04150E-01  1.04480E-10  276.494  1.14610E-13
   12  7.79690E-01  1.01280E-10  274.873  1.12670E-13
   13  7.55630E-01  9.81570E-11  273.239  1.10710E-13
   14  7.31990E-01  9.50860E-11  271.591  1.08800E-13
   15  7.08770E-01  9.20690E-11  269.928  1.06860E-13
   16  6.85960E-01  8.91000E-11  268.253  1.04920E-13
   17  6.63570E-01  8.61770E-11  266.563  1.02940E-13
   18  6.41600E-01  8.33060E-11  264.860  1.01000E-13
   19  6.20050E-01  8.04920E-11  263.141  9.90030E-14
   20  5.98910E-01  7.77310E-11  261.408  9.70800E-14
   21  5.78190E-01  7.50270E-11  259.659  9.51080E-14
   22  5.57890E-01  7.23780E-11  257.896  9.31630E-14
   23  5.38010E-01  6.97830E-11  256.120  9.11740E-14
   24  5.18550E-01  6.72450E-11  254.330  8.92520E-14
   25  4.99500E-01  6.47600E-11  252.523  8.73200E-14
   26  4.80860E-01  6.23310E-11  250.699  8.53520E-14
   27  4.62650E-01  5.99570E-11  248.857  8.34130E-14
   28  4.44840E-01  5.76370E-11  246.997  8.15000E-14
   29  4.27450E-01  5.53710E-11  245.124  7.95840E-14
   30  4.10480E-01  5.31600E-11  243.242  7.76640E-14
   31  3.93910E-01  5.10030E-11  241.352  7.57370E-14
   32  3.77750E-01  4.88990E-11  239.446  7.38620E-14
   33  3.61990E-01  4.68490E-11  237.504  7.19450E-14
   34  3.46640E-01  4.48520E-11  235.517  7.01140E-14
   35  3.31700E-01  4.29080E-11  233.502  6.82300E-14
   36  3.17150E-01  4.10170E-11  231.510  6.63940E-14
   37  3.03000E-01  3.91770E-11  229.587  6.45050E-14
   38  2.89240E-01  3.73900E-11  227.708  6.26540E-14
   39  2.75880E-01  3.56540E-11  225.739  6.08400E-14
   40  2.62910E-01  3.39650E-11  223.522  5.90530E-14
   41  2.50320E-01  3.23200E-11  221.081  5.73640E-14
   42  2.38110E-01  3.07210E-11  218.787  5.56160E-14
   43  2.26290E-01  2.91720E-11  217.153  5.37260E-14
   44  2.14840E-01  2.76700E-11  216.439  5.20070E-14
   45  2.03760E-01  2.62150E-11  216.426  5.02470E-14
   46  1.93050E-01  2.47930E-11  216.643  4.84200E-14
   47  1.82700E-01  2.33740E-11  216.767  4.65570E-14
   48  1.72710E-01  2.19790E-11  216.753  4.46820E-14
   49  1.63080E-01  2.06400E-11  216.704  4.28540E-14
   50  1.53800E-01  1.93560E-11  216.685  4.10590E-14
   51  1.44860E-01  1.81260E-11  216.692  3.92900E-14
   52  1.36270E-01  1.68500E-11  216.701  3.73220E-14
   53  1.28010E-01  1.55310E-11  216.703  3.51820E-14
   54  1.20080E-01  1.42760E-11  216.701  3.30710E-14
   55  1.12480E-01  1.30910E-11  216.699  3.10480E-14
   56  1.05190E-01  1.19680E-11  216.699  2.90450E-14
   57  9.82240E-02  1.08230E-11  216.701  2.69090E-14
   58  9.15650E-02  9.67460E-12  216.702  2.46510E-14
   59  8.52090E-02  8.60890E-12  216.696  2.24830E-14
   60  7.91490E-02  7.62290E-12  216.692  2.04230E-14
   61  7.33810E-02  6.68430E-12  216.708  1.83770E-14
   62  6.78970E-02  5.78470E-12  216.721  1.63290E-14
   63  6.26920E-02  4.95240E-12  216.674  1.43670E-14
   64  5.77590E-02  4.19430E-12  216.643  1.25120E-14
   65  5.30910E-02  3.50840E-12  216.846  1.07630E-14
   66  4.86810E-02  2.89110E-12  217.322  9.13220E-15
   67  4.45230E-02  2.33700E-12  217.902  7.60260E-15
   68  4.06100E-02  1.84970E-12  218.493  6.20460E-15
   69  3.69350E-02  1.43930E-12  219.103  4.98090E-15
   70  3.34910E-02  1.09070E-12  219.735  3.89810E-15
   71  3.02700E-02  7.91690E-13  220.392  2.92460E-15
   72  2.72650E-02  5.62110E-13  221.078  2.14850E-15
   73  2.44680E-02  3.99570E-13  221.755  1.58180E-15
   74  2.18740E-02  2.76020E-13  222.419  1.13320E-15
   75  1.94720E-02  1.74370E-13  223.141  7.43240E-16
   76  1.72580E-02  9.89920E-14  223.983  4.38420E-16
   77  1.52210E-02  5.57910E-14  224.917  2.57060E-16
   78  1.33550E-02  2.94120E-14  225.808  1.41250E-16
   79  1.16530E-02  1.24080E-14  226.541  6.22740E-17
   80  1.01060E-02  5.55640E-15  227.333  2.92220E-17
   81  8.70620E-03  2.52790E-15  228.733  1.39250E-17
   82  7.44630E-03  8.59980E-16  231.109  4.96680E-18
   83  6.31830E-03  3.05930E-16  234.273  1.85980E-18
   84  5.31440E-03  7.46590E-17  237.747  4.78700E-19
   85  4.42680E-03  1.88990E-17  241.343  1.28210E-19
   86  3.64780E-03  2.70080E-18  245.169  1.94510E-20
   87  2.96970E-03  7.66540E-19  249.383  5.87940E-21
   88  2.38480E-03  6.28170E-20  253.968  5.15070E-22
   89  1.88550E-03  1.27240E-20  258.761  1.12120E-22
   90  1.46430E-03  1.96960E-21  264.325  1.87260E-23
   91  1.11390E-03  2.08780E-22  269.375  2.15640E-24
   92  8.26910E-04  1.82460E-23  270.524  2.05970E-25
   93  5.96370E-04  1.97750E-24  267.147  2.45470E-26
   94  4.15280E-04  4.14830E-25  260.597  5.75140E-27
   95  2.76900E-04  2.50700E-26  252.236  3.92300E-28
   96  1.74800E-04  1.39200E-27  243.066  2.49290E-29
   97  1.02710E-04  1.03760E-28  232.694  2.17670E-30
   98  5.47150E-05  2.79690E-30  221.294  7.05860E-32
   99  2.53190E-05  2.87210E-32  209.983  9.07760E-34
  100  9.36810E-06  2.79310E-34  198.086  1.18730E-35
