    1  1.07120E+00  1.22640E-09  292.064  1.17500E-12
    2  1.04270E+00  1.13480E-09  290.543  1.10170E-12
    3  1.01460E+00  1.04600E-09  289.018  1.02950E-12
    4  9.86870E-01  9.60040E-10  287.488  9.57490E-13
    5  9.59550E-01  8.76940E-10  285.950  8.86080E-13
    6  9.32640E-01  7.96670E-10  284.403  8.16220E-13
    7  9.06120E-01  7.19190E-10  282.846  7.46740E-13
    8  8.80020E-01  6.50120E-10  281.277  6.84160E-13
    9  8.54320E-01  5.90720E-10  279.695  6.30330E-13
   10  8.29030E-01  5.35070E-10  278.101  5.78650E-13
   11  8.04150E-01  4.81480E-10  276.494  5.28180E-13
   12  7.79690E-01  4.33530E-10  274.873  4.82250E-13
   13  7.55630E-01  3.92460E-10  273.239  4.42670E-13
   14  7.31990E-01  3.54420E-10  271.591  4.05530E-13
   15  7.08770E-01  3.17880E-10  269.928  3.68950E-13
   16  6.85960E-01  2.85460E-10  268.253  3.36130E-13
   17  6.63570E-01  2.57720E-10  266.563  3.07870E-13
   18  6.41600E-01  2.31880E-10  264.859  2.81140E-13
   19  6.20050E-01  2.07120E-10  263.141  2.54750E-13
   20  5.98910E-01  1.85350E-10  261.408  2.31490E-13
   21  5.78190E-01  1.66490E-10  259.659  2.11050E-13
   22  5.57890E-01  1.48540E-10  257.896  1.91200E-13
   23  5.38010E-01  1.31820E-10  256.120  1.72220E-13
   24  5.18550E-01  1.17420E-10  254.330  1.55850E-13
   25  4.99500E-01  1.04810E-10  252.523  1.41310E-13
   26  4.80860E-01  9.27770E-11  250.699  1.27040E-13
   27  4.62650E-01  8.19740E-11  248.857  1.14040E-13
   28  4.44840E-01  7.26140E-11  246.997  1.02680E-13
   29  4.27450E-01  6.39940E-11  245.124  9.19770E-14
   30  4.10480E-01  5.60120E-11  243.242  8.18290E-14
   31  3.93910E-01  4.93520E-11  241.352  7.32860E-14
   32  3.77750E-01  4.37300E-11  239.446  6.60540E-14
   33  3.61990E-01  3.84000E-11  237.504  5.89700E-14
   34  3.46640E-01  3.37230E-11  235.517  5.27170E-14
   35  3.31700E-01  2.97230E-11  233.502  4.72650E-14
   36  3.17150E-01  2.60080E-11  231.510  4.20990E-14
   37  3.03000E-01  2.27000E-11  229.587  3.73760E-14
   38  2.89240E-01  1.99180E-11  227.708  3.33760E-14
   39  2.75880E-01  1.74360E-11  225.739  2.97520E-14
   40  2.62910E-01  1.52230E-11  223.522  2.64670E-14
   41  2.50320E-01  1.34470E-11  221.081  2.38660E-14
   42  2.38110E-01  1.19530E-11  218.787  2.16390E-14
   43  2.26290E-01  1.06470E-11  217.153  1.96080E-14
   44  2.14840E-01  9.72960E-12  216.439  1.82870E-14
   45  2.03760E-01  9.07000E-12  216.427  1.73840E-14
   46  1.93050E-01  8.71810E-12  216.643  1.70260E-14
   47  1.82700E-01  9.13410E-12  216.767  1.81940E-14
   48  1.72710E-01  9.96370E-12  216.753  2.02560E-14
   49  1.63080E-01  1.09300E-11  216.704  2.26930E-14
   50  1.53800E-01  1.21860E-11  216.685  2.58500E-14
   51  1.44860E-01  1.34600E-11  216.692  2.91750E-14
   52  1.36270E-01  1.52050E-11  216.701  3.36790E-14
   53  1.28010E-01  1.73900E-11  216.703  3.93930E-14
   54  1.20080E-01  1.94690E-11  216.701  4.51030E-14
   55  1.12480E-01  2.15420E-11  216.699  5.10930E-14
   56  1.05190E-01  2.34680E-11  216.699  5.69570E-14
   57  9.82240E-02  2.51370E-11  216.701  6.24960E-14
   58  9.15650E-02  2.65520E-11  216.702  6.76560E-14
   59  8.52090E-02  2.76160E-11  216.696  7.21230E-14
   60  7.91490E-02  2.83440E-11  216.692  7.59370E-14
   61  7.33810E-02  2.86330E-11  216.708  7.87190E-14
   62  6.78970E-02  2.84780E-11  216.721  8.03860E-14
   63  6.26920E-02  2.79970E-11  216.674  8.12180E-14
   64  5.77590E-02  2.72540E-11  216.643  8.12990E-14
   65  5.30910E-02  2.62290E-11  216.846  8.04690E-14
   66  4.86810E-02  2.49730E-11  217.322  7.88820E-14
   67  4.45230E-02  2.36020E-11  217.902  7.67830E-14
   68  4.06100E-02  2.21720E-11  218.493  7.43720E-14
   69  3.69350E-02  2.07610E-11  219.103  7.18450E-14
   70  3.34910E-02  1.93990E-11  219.735  6.93290E-14
   71  3.02700E-02  1.81370E-11  220.392  6.70000E-14
   72  2.72650E-02  1.70740E-11  221.078  6.52580E-14
   73  2.44680E-02  1.60900E-11  221.755  6.36980E-14
   74  2.18740E-02  1.50410E-11  222.419  6.17510E-14
   75  1.94720E-02  1.39860E-11  223.141  5.96140E-14
   76  1.72580E-02  1.31260E-11  223.983  5.81320E-14
   77  1.52210E-02  1.25990E-11  224.917  5.80500E-14
   78  1.33550E-02  1.21550E-11  225.808  5.83770E-14
   79  1.16530E-02  1.16540E-11  226.541  5.84890E-14
   80  1.01060E-02  1.11250E-11  227.333  5.85080E-14
   81  8.70620E-03  1.05270E-11  228.733  5.79840E-14
   82  7.44630E-03  9.92290E-12  231.109  5.73100E-14
   83  6.31830E-03  9.31590E-12  234.273  5.66340E-14
   84  5.31440E-03  8.43660E-12  237.747  5.40940E-14
   85  4.42680E-03  7.34290E-12  241.343  4.98160E-14
   86  3.64780E-03  6.22120E-12  245.169  4.48040E-14
   87  2.96970E-03  5.14090E-12  249.383  3.94310E-14
   88  2.38480E-03  4.17400E-12  253.968  3.42240E-14
   89  1.88550E-03  3.33250E-12  258.761  2.93660E-14
   90  1.46430E-03  2.61530E-12  264.325  2.48650E-14
   91  1.11390E-03  2.00170E-12  269.375  2.06750E-14
   92  8.26910E-04  1.48840E-12  270.524  1.68030E-14
   93  5.96370E-04  1.07350E-12  267.147  1.33250E-14
   94  4.15280E-04  7.47500E-13  260.597  1.03640E-14
   95  2.76900E-04  4.98410E-13  252.236  7.79930E-15
   96  1.74800E-04  3.14650E-13  243.066  5.63480E-15
   97  1.02710E-04  1.84880E-13  232.694  3.87850E-15
   98  5.47150E-05  9.84860E-14  221.294  2.48550E-15
   99  2.53190E-05  4.55750E-14  209.983  1.44040E-15
  100  9.36810E-06  1.68630E-14  198.086  7.16830E-16
