    1  1.07120E+00  6.48910E-10  292.064  6.21710E-13
    2  1.04270E+00  6.29280E-10  290.543  6.10940E-13
    3  1.01460E+00  6.10000E-10  289.018  6.00390E-13
    4  9.86870E-01  5.91050E-10  287.488  5.89480E-13
    5  9.59550E-01  5.72440E-10  285.950  5.78400E-13
    6  9.32640E-01  5.54160E-10  284.403  5.67760E-13
    7  9.06120E-01  5.36230E-10  282.846  5.56770E-13
    8  8.80020E-01  5.18650E-10  281.277  5.45800E-13
    9  8.54320E-01  5.01440E-10  279.695  5.35060E-13
   10  8.29030E-01  4.84560E-10  278.101  5.24030E-13
   11  8.04150E-01  4.68020E-10  276.494  5.13420E-13
   12  7.79690E-01  4.51840E-10  274.873  5.02610E-13
   13  7.55630E-01  4.36010E-10  273.239  4.91790E-13
   14  7.31990E-01  4.20510E-10  271.591  4.81150E-13
   15  7.08770E-01  4.05350E-10  269.928  4.70480E-13
   16  6.85960E-01  3.90670E-10  268.253  4.60030E-13
   17  6.63570E-01  3.76510E-10  266.563  4.49760E-13
   18  6.41600E-01  3.62690E-10  264.859  4.39740E-13
   19  6.20050E-01  3.49190E-10  263.141  4.29500E-13
   20  5.98910E-01  3.36090E-10  261.408  4.19740E-13
   21  5.78190E-01  3.23370E-10  259.659  4.09920E-13
   22  5.57890E-01  3.10960E-10  257.896  4.00260E-13
   23  5.38010E-01  2.98840E-10  256.120  3.90450E-13
   24  5.18550E-01  2.87030E-10  254.330  3.80970E-13
   25  4.99500E-01  2.75520E-10  252.523  3.71500E-13
   26  4.80860E-01  2.64300E-10  250.699  3.61910E-13
   27  4.62650E-01  2.53320E-10  248.857  3.52430E-13
   28  4.44840E-01  2.42580E-10  246.997  3.43010E-13
   29  4.27450E-01  2.32110E-10  245.124  3.33610E-13
   30  4.10480E-01  2.21940E-10  243.242  3.24240E-13
   31  3.93910E-01  2.12060E-10  241.352  3.14900E-13
   32  3.77750E-01  2.02470E-10  239.446  3.05830E-13
   33  3.61990E-01  1.93160E-10  237.504  2.96630E-13
   34  3.46640E-01  1.84180E-10  235.517  2.87910E-13
   35  3.31700E-01  1.75530E-10  233.502  2.79110E-13
   36  3.17150E-01  1.67150E-10  231.510  2.70560E-13
   37  3.03000E-01  1.59030E-10  229.587  2.61850E-13
   38  2.89240E-01  1.51190E-10  227.708  2.53340E-13
   39  2.75880E-01  1.43590E-10  225.739  2.45030E-13
   40  2.62910E-01  1.36220E-10  223.522  2.36840E-13
   41  2.50320E-01  1.29030E-10  221.081  2.29010E-13
   42  2.38110E-01  1.22050E-10  218.787  2.20940E-13
   43  2.26290E-01  1.15290E-10  217.153  2.12330E-13
   44  2.14840E-01  1.08720E-10  216.439  2.04350E-13
   45  2.03760E-01  1.02360E-10  216.427  1.96200E-13
   46  1.93050E-01  9.61930E-11  216.643  1.87860E-13
   47  1.82700E-01  9.01150E-11  216.767  1.79490E-13
   48  1.72710E-01  8.42000E-11  216.753  1.71180E-13
   49  1.63080E-01  7.84510E-11  216.704  1.62890E-13
   50  1.53800E-01  7.27990E-11  216.685  1.54430E-13
   51  1.44860E-01  6.73540E-11  216.692  1.45990E-13
   52  1.36270E-01  6.18970E-11  216.701  1.37100E-13
   53  1.28010E-01  5.64370E-11  216.703  1.27850E-13
   54  1.20080E-01  5.12370E-11  216.701  1.18700E-13
   55  1.12480E-01  4.62670E-11  216.699  1.09730E-13
   56  1.05190E-01  4.15640E-11  216.699  1.00870E-13
   57  9.82240E-02  3.71330E-11  216.701  9.23220E-14
   58  9.15650E-02  3.29740E-11  216.702  8.40180E-14
   59  8.52090E-02  2.91370E-11  216.696  7.60940E-14
   60  7.91490E-02  2.56100E-11  216.692  6.86150E-14
   61  7.33810E-02  2.24150E-11  216.708  6.16250E-14
   62  6.78970E-02  1.95450E-11  216.721  5.51720E-14
   63  6.26920E-02  1.69540E-11  216.674  4.91830E-14
   64  5.77590E-02  1.46150E-11  216.643  4.35960E-14
   65  5.30910E-02  1.25610E-11  216.846  3.85370E-14
   66  4.86810E-02  1.07750E-11  217.322  3.40360E-14
   67  4.45230E-02  9.18040E-12  217.902  2.98660E-14
   68  4.06100E-02  7.75720E-12  218.493  2.60200E-14
   69  3.69350E-02  6.49780E-12  219.103  2.24860E-14
   70  3.34910E-02  5.35960E-12  219.735  1.91540E-14
   71  3.02700E-02  4.31230E-12  220.392  1.59300E-14
   72  2.72650E-02  3.36150E-12  221.078  1.28480E-14
   73  2.44680E-02  2.59780E-12  221.755  1.02850E-14
   74  2.18740E-02  2.03370E-12  222.419  8.34930E-15
   75  1.94720E-02  1.56630E-12  223.141  6.67650E-15
   76  1.72580E-02  1.16760E-12  223.983  5.17120E-15
   77  1.52210E-02  8.35550E-13  224.917  3.84990E-15
   78  1.33550E-02  5.59420E-13  225.808  2.68670E-15
   79  1.16530E-02  3.56820E-13  226.541  1.79090E-15
   80  1.01060E-02  2.30800E-13  227.333  1.21380E-15
   81  8.70620E-03  1.42350E-13  228.733  7.84110E-16
   82  7.44630E-03  8.13490E-14  231.109  4.69830E-16
   83  6.31830E-03  4.34520E-14  234.273  2.64160E-16
   84  5.31440E-03  2.10370E-14  237.747  1.34890E-16
   85  4.42680E-03  1.02310E-14  241.343  6.94130E-17
   86  3.64780E-03  4.78870E-15  245.169  3.44870E-17
   87  2.96970E-03  2.51840E-15  249.383  1.93160E-17
   88  2.38480E-03  1.31210E-15  253.968  1.07580E-17
   89  1.88550E-03  7.94670E-16  258.761  7.00260E-18
   90  1.46430E-03  5.01940E-16  264.325  4.77220E-18
   91  1.11390E-03  3.23180E-16  269.375  3.33800E-18
   92  8.26910E-04  2.12160E-16  270.524  2.39500E-18
   93  5.96370E-04  1.42380E-16  267.147  1.76730E-18
   94  4.15280E-04  9.51100E-17  260.597  1.31860E-18
   95  2.76900E-04  6.10830E-17  252.236  9.55840E-19
   96  1.74800E-04  3.73640E-17  243.066  6.69120E-19
   97  1.02710E-04  2.13990E-17  232.694  4.48920E-19
   98  5.47150E-05  1.11380E-17  221.294  2.81100E-19
   99  2.53190E-05  5.04070E-18  209.983  1.59320E-19
  100  9.36810E-06  1.82530E-18  198.086  7.75950E-20
