    1  1.07120E+00  9.81240E-03  292.064  9.40120E-06
    2  1.04270E+00  8.91700E-03  290.543  8.65700E-06
    3  1.01460E+00  8.13140E-03  289.018  8.00330E-06
    4  9.86870E-01  7.43650E-03  287.488  7.41680E-06
    5  9.59550E-01  6.81550E-03  285.950  6.88650E-06
    6  9.32640E-01  6.25390E-03  284.403  6.40740E-06
    7  9.06120E-01  5.73910E-03  282.846  5.95900E-06
    8  8.80020E-01  5.26050E-03  281.277  5.53600E-06
    9  8.54320E-01  4.80910E-03  279.695  5.13160E-06
   10  8.29030E-01  4.37740E-03  278.101  4.73390E-06
   11  8.04150E-01  3.95930E-03  276.494  4.34340E-06
   12  7.79690E-01  3.55070E-03  274.873  3.94970E-06
   13  7.55630E-01  3.15360E-03  273.239  3.55710E-06
   14  7.31990E-01  2.77780E-03  271.591  3.17840E-06
   15  7.08770E-01  2.43360E-03  269.928  2.82460E-06
   16  6.85960E-01  2.12820E-03  268.253  2.50600E-06
   17  6.63570E-01  1.86180E-03  266.563  2.22410E-06
   18  6.41600E-01  1.62800E-03  264.860  1.97390E-06
   19  6.20050E-01  1.41930E-03  263.141  1.74560E-06
   20  5.98910E-01  1.22970E-03  261.408  1.53580E-06
   21  5.78190E-01  1.05800E-03  259.659  1.34120E-06
   22  5.57890E-01  9.05790E-04  257.896  1.16590E-06
   23  5.38010E-01  7.74760E-04  256.120  1.01220E-06
   24  5.18550E-01  6.64680E-04  254.330  8.82210E-07
   25  4.99500E-01  5.71880E-04  252.523  7.71090E-07
   26  4.80860E-01  4.91180E-04  250.699  6.72580E-07
   27  4.62650E-01  4.18380E-04  248.857  5.82060E-07
   28  4.44840E-01  3.52070E-04  246.997  4.97840E-07
   29  4.27450E-01  2.93700E-04  245.124  4.22120E-07
   30  4.10480E-01  2.45080E-04  243.242  3.58050E-07
   31  3.93910E-01  2.06460E-04  241.352  3.06590E-07
   32  3.77750E-01  1.75130E-04  239.446  2.64540E-07
   33  3.61990E-01  1.46990E-04  237.504  2.25740E-07
   34  3.46640E-01  1.19140E-04  235.517  1.86240E-07
   35  3.31700E-01  9.16390E-05  233.502  1.45720E-07
   36  3.17150E-01  6.70310E-05  231.510  1.08500E-07
   37  3.03000E-01  4.76580E-05  229.587  7.84700E-08
   38  2.89240E-01  3.41100E-05  227.708  5.71570E-08
   39  2.75880E-01  2.51170E-05  225.739  4.28590E-08
   40  2.62910E-01  1.89820E-05  223.522  3.30020E-08
   41  2.50320E-01  1.45310E-05  221.081  2.57910E-08
   42  2.38110E-01  1.11610E-05  218.787  2.02050E-08
   43  2.26290E-01  8.57420E-06  217.153  1.57910E-08
   44  2.14840E-01  6.56340E-06  216.439  1.23360E-08
   45  2.03760E-01  5.00640E-06  216.427  9.59560E-09
   46  1.93050E-01  3.82850E-06  216.643  7.47690E-09
   47  1.82700E-01  2.95370E-06  216.767  5.88320E-09
   48  1.72710E-01  2.28950E-06  216.753  4.65460E-09
   49  1.63080E-01  1.75130E-06  216.704  3.63620E-09
   50  1.53800E-01  1.30600E-06  216.685  2.77040E-09
   51  1.44860E-01  9.74530E-07  216.692  2.11240E-09
   52  1.36270E-01  7.76330E-07  216.701  1.71960E-09
   53  1.28010E-01  6.74680E-07  216.703  1.52830E-09
   54  1.20080E-01  5.99260E-07  216.701  1.38830E-09
   55  1.12480E-01  5.14390E-07  216.699  1.22000E-09
   56  1.05190E-01  4.34190E-07  216.699  1.05380E-09
   57  9.82240E-02  3.81100E-07  216.701  9.47510E-10
   58  9.15650E-02  3.51240E-07  216.702  8.94970E-10
   59  8.52090E-02  3.27790E-07  216.696  8.56080E-10
   60  7.91490E-02  3.03760E-07  216.692  8.13830E-10
   61  7.33810E-02  2.80870E-07  216.708  7.72180E-10
   62  6.78970E-02  2.60410E-07  216.721  7.35090E-10
   63  6.26920E-02  2.41670E-07  216.674  7.01080E-10
   64  5.77590E-02  2.24090E-07  216.643  6.68450E-10
   65  5.30910E-02  2.07750E-07  216.846  6.37350E-10
   66  4.86810E-02  1.92490E-07  217.322  6.08020E-10
   67  4.45230E-02  1.78020E-07  217.902  5.79140E-10
   68  4.06100E-02  1.64710E-07  218.493  5.52480E-10
   69  3.69350E-02  1.52700E-07  219.103  5.28420E-10
   70  3.34910E-02  1.41040E-07  219.735  5.04050E-10
   71  3.02700E-02  1.29560E-07  220.392  4.78620E-10
   72  2.72650E-02  1.18880E-07  221.078  4.54390E-10
   73  2.44680E-02  1.08570E-07  221.755  4.29830E-10
   74  2.18740E-02  9.82220E-08  222.419  4.03240E-10
   75  1.94720E-02  8.82290E-08  223.141  3.76080E-10
   76  1.72580E-02  7.89490E-08  223.983  3.49650E-10
   77  1.52210E-02  7.04240E-08  224.917  3.24490E-10
   78  1.33550E-02  6.25090E-08  225.808  3.00210E-10
   79  1.16530E-02  5.50880E-08  226.541  2.76480E-10
   80  1.01060E-02  4.81670E-08  227.333  2.53320E-10
   81  8.70620E-03  4.18070E-08  228.733  2.30290E-10
   82  7.44630E-03  3.60330E-08  231.109  2.08110E-10
   83  6.31830E-03  3.08120E-08  234.273  1.87320E-10
   84  5.31440E-03  2.60980E-08  237.747  1.67340E-10
   85  4.42680E-03  2.18650E-08  241.343  1.48340E-10
   86  3.64780E-03  1.81170E-08  245.169  1.30470E-10
   87  2.96970E-03  1.48890E-08  249.383  1.14200E-10
   88  2.38480E-03  1.21390E-08  253.968  9.95310E-11
   89  1.88550E-03  9.74240E-09  258.761  8.58500E-11
   90  1.46430E-03  7.64630E-09  264.325  7.26980E-11
   91  1.11390E-03  5.84040E-09  269.375  6.03230E-11
   92  8.26910E-04  4.32540E-09  270.524  4.88290E-11
   93  5.96370E-04  3.09540E-09  267.147  3.84220E-11
   94  4.15280E-04  2.11310E-09  260.597  2.92970E-11
   95  2.76900E-04  1.35530E-09  252.236  2.12080E-11
   96  1.74800E-04  8.04210E-10  243.066  1.44020E-11
   97  1.02710E-04  4.27230E-10  232.694  8.96250E-12
   98  5.47150E-05  1.95960E-10  221.294  4.94540E-12
   99  2.53190E-05  7.35190E-11  209.983  2.32370E-12
  100  9.36810E-06  1.90550E-11  198.086  8.10030E-13
