    1  1.07120E+00  1.82100E-12  292.064  1.74470E-15
    2  1.04270E+00  1.77260E-12  290.543  1.72090E-15
    3  1.01460E+00  1.72480E-12  289.018  1.69760E-15
    4  9.86870E-01  1.67770E-12  287.488  1.67320E-15
    5  9.59550E-01  1.63120E-12  285.950  1.64820E-15
    6  9.32640E-01  1.58550E-12  284.403  1.62440E-15
    7  9.06120E-01  1.54040E-12  282.846  1.59940E-15
    8  8.80020E-01  1.49600E-12  281.277  1.57440E-15
    9  8.54320E-01  1.45240E-12  279.695  1.54970E-15
   10  8.29030E-01  1.40940E-12  278.101  1.52420E-15
   11  8.04150E-01  1.36710E-12  276.494  1.49970E-15
   12  7.79690E-01  1.32550E-12  274.873  1.47440E-15
   13  7.55630E-01  1.28460E-12  273.239  1.44890E-15
   14  7.31990E-01  1.24440E-12  271.591  1.42380E-15
   15  7.08770E-01  1.20490E-12  269.928  1.39850E-15
   16  6.85960E-01  1.16610E-12  268.253  1.37320E-15
   17  6.63570E-01  1.12810E-12  266.563  1.34760E-15
   18  6.41600E-01  1.09070E-12  264.859  1.32240E-15
   19  6.20050E-01  1.05410E-12  263.141  1.29650E-15
   20  5.98910E-01  1.01810E-12  261.408  1.27160E-15
   21  5.78190E-01  9.82930E-13  259.659  1.24600E-15
   22  5.57890E-01  9.48420E-13  257.896  1.22080E-15
   23  5.38010E-01  9.14620E-13  256.120  1.19500E-15
   24  5.18550E-01  8.81530E-13  254.330  1.17000E-15
   25  4.99500E-01  8.49140E-13  252.523  1.14490E-15
   26  4.80860E-01  8.17470E-13  250.699  1.11940E-15
   27  4.62650E-01  7.86500E-13  248.857  1.09420E-15
   28  4.44840E-01  7.56240E-13  246.997  1.06930E-15
   29  4.27450E-01  7.26670E-13  245.124  1.04440E-15
   30  4.10480E-01  6.97810E-13  243.242  1.01950E-15
   31  3.93910E-01  6.69640E-13  241.352  9.94390E-16
   32  3.77750E-01  6.42170E-13  239.446  9.70000E-16
   33  3.61990E-01  6.15390E-13  237.504  9.45030E-16
   34  3.46640E-01  5.89290E-13  235.517  9.21200E-16
   35  3.31700E-01  5.63880E-13  233.502  8.96660E-16
   36  3.17150E-01  5.39150E-13  231.510  8.72730E-16
   37  3.03000E-01  5.15100E-13  229.587  8.48110E-16
   38  2.89240E-01  4.91720E-13  227.708  8.23960E-16
   39  2.75880E-01  4.69000E-13  225.739  8.00300E-16
   40  2.62910E-01  4.46940E-13  223.522  7.77060E-16
   41  2.50320E-01  4.25540E-13  221.081  7.55290E-16
   42  2.38110E-01  4.04800E-13  218.787  7.32820E-16
   43  2.26290E-01  3.84690E-13  217.153  7.08480E-16
   44  2.14840E-01  3.65220E-13  216.439  6.86460E-16
   45  2.03760E-01  3.46390E-13  216.427  6.63920E-16
   46  1.93050E-01  3.28180E-13  216.643  6.40920E-16
   47  1.82700E-01  3.10590E-13  216.767  6.18650E-16
   48  1.72710E-01  2.93610E-13  216.753  5.96900E-16
   49  1.63080E-01  2.77240E-13  216.704  5.75630E-16
   50  1.53800E-01  2.61460E-13  216.685  5.54620E-16
   51  1.44860E-01  2.46260E-13  216.692  5.33790E-16
   52  1.36270E-01  2.31650E-13  216.701  5.13120E-16
   53  1.28010E-01  2.17610E-13  216.703  4.92960E-16
   54  1.20080E-01  2.04130E-13  216.701  4.72900E-16
   55  1.12480E-01  1.91210E-13  216.699  4.53500E-16
   56  1.05190E-01  1.78830E-13  216.699  4.34010E-16
   57  9.82240E-02  1.66980E-13  216.701  4.15160E-16
   58  9.15650E-02  1.55660E-13  216.702  3.96630E-16
   59  8.52090E-02  1.44850E-13  216.696  3.78310E-16
   60  7.91490E-02  1.34550E-13  216.692  3.60490E-16
   61  7.33810E-02  1.24750E-13  216.708  3.42970E-16
   62  6.78970E-02  1.15430E-13  216.721  3.25820E-16
   63  6.26920E-02  1.06580E-13  216.674  3.09180E-16
   64  5.77590E-02  9.81900E-14  216.643  2.92900E-16
   65  5.30910E-02  9.02540E-14  216.846  2.76890E-16
   66  4.86810E-02  8.27580E-14  217.322  2.61410E-16
   67  4.45230E-02  7.56900E-14  217.902  2.46230E-16
   68  4.06100E-02  6.90380E-14  218.493  2.31570E-16
   69  3.69350E-02  6.27900E-14  219.103  2.17290E-16
   70  3.34910E-02  5.69340E-14  219.735  2.03470E-16
   71  3.02700E-02  5.14780E-14  220.392  1.90170E-16
   72  2.72650E-02  4.64790E-14  221.078  1.77650E-16
   73  2.44680E-02  4.19510E-14  221.755  1.66080E-16
   74  2.18740E-02  3.78050E-14  222.419  1.55200E-16
   75  1.94720E-02  3.39520E-14  223.141  1.44720E-16
   76  1.72580E-02  3.04840E-14  223.983  1.35010E-16
   77  1.52210E-02  2.74790E-14  224.917  1.26610E-16
   78  1.33550E-02  2.47610E-14  225.808  1.18920E-16
   79  1.16530E-02  2.24470E-14  226.541  1.12660E-16
   80  1.01060E-02  2.06070E-14  227.333  1.08380E-16
   81  8.70620E-03  1.89150E-14  228.733  1.04190E-16
   82  7.44630E-03  1.76220E-14  231.109  1.01780E-16
   83  6.31830E-03  1.66520E-14  234.273  1.01230E-16
   84  5.31440E-03  1.59490E-14  237.747  1.02260E-16
   85  4.42680E-03  1.54190E-14  241.343  1.04610E-16
   86  3.64780E-03  1.48370E-14  245.169  1.06850E-16
   87  2.96970E-03  1.41300E-14  249.383  1.08380E-16
   88  2.38480E-03  1.31990E-14  253.968  1.08220E-16
   89  1.88550E-03  1.18000E-14  258.761  1.03980E-16
   90  1.46430E-03  9.89040E-15  264.325  9.40330E-17
   91  1.11390E-03  7.82270E-15  269.375  8.07980E-17
   92  8.26910E-04  5.88810E-15  270.524  6.64700E-17
   93  5.96370E-04  4.26060E-15  267.147  5.28860E-17
   94  4.15280E-04  2.96860E-15  260.597  4.11580E-17
   95  2.76900E-04  1.97980E-15  252.236  3.09800E-17
   96  1.74800E-04  1.24990E-15  243.066  2.23830E-17
   97  1.02710E-04  7.34400E-16  232.694  1.54060E-17
   98  5.47150E-05  3.91210E-16  221.294  9.87310E-18
   99  2.53190E-05  1.81030E-16  209.983  5.72180E-18
  100  9.36810E-06  6.69820E-17  198.086  2.84740E-18
