    1  1.07120E+00  5.42980E-12  292.064  5.20230E-15
    2  1.04270E+00  5.15010E-12  290.543  5.00000E-15
    3  1.01460E+00  4.87800E-12  289.018  4.80110E-15
    4  9.86870E-01  4.61330E-12  287.488  4.60110E-15
    5  9.59550E-01  4.35610E-12  285.950  4.40160E-15
    6  9.32640E-01  4.10640E-12  284.403  4.20720E-15
    7  9.06120E-01  3.86410E-12  282.846  4.01210E-15
    8  8.80020E-01  3.63030E-12  281.277  3.82040E-15
    9  8.54320E-01  3.40530E-12  279.695  3.63370E-15
   10  8.29030E-01  3.18780E-12  278.101  3.44740E-15
   11  8.04150E-01  2.97730E-12  276.494  3.26610E-15
   12  7.79690E-01  2.76660E-12  274.873  3.07750E-15
   13  7.55630E-01  2.55300E-12  273.239  2.87960E-15
   14  7.31990E-01  2.34410E-12  271.591  2.68210E-15
   15  7.08770E-01  2.14310E-12  269.928  2.48740E-15
   16  6.85960E-01  1.95090E-12  268.253  2.29720E-15
   17  6.63570E-01  1.76770E-12  266.563  2.11160E-15
   18  6.41600E-01  1.59220E-12  264.860  1.93040E-15
   19  6.20050E-01  1.42400E-12  263.141  1.75150E-15
   20  5.98910E-01  1.28080E-12  261.408  1.59960E-15
   21  5.78190E-01  1.16190E-12  259.659  1.47290E-15
   22  5.57890E-01  1.04870E-12  257.896  1.34990E-15
   23  5.38010E-01  9.40730E-13  256.120  1.22910E-15
   24  5.18550E-01  8.38360E-13  254.330  1.11270E-15
   25  4.99500E-01  7.41280E-13  252.523  9.99510E-16
   26  4.80860E-01  6.48820E-13  250.699  8.88440E-16
   27  4.62650E-01  5.71160E-13  248.857  7.94610E-16
   28  4.44840E-01  5.11850E-13  246.997  7.23760E-16
   29  4.27450E-01  4.59790E-13  245.124  6.60850E-16
   30  4.10480E-01  4.10350E-13  243.242  5.99500E-16
   31  3.93910E-01  3.63790E-13  241.352  5.40210E-16
   32  3.77750E-01  3.19940E-13  239.446  4.83270E-16
   33  3.61990E-01  2.78410E-13  237.504  4.27540E-16
   34  3.46640E-01  2.46670E-13  235.517  3.85600E-16
   35  3.31700E-01  2.25280E-13  233.502  3.58230E-16
   36  3.17150E-01  2.06270E-13  231.510  3.33890E-16
   37  3.03000E-01  1.88260E-13  229.587  3.09960E-16
   38  2.89240E-01  1.71270E-13  227.708  2.86990E-16
   39  2.75880E-01  1.55210E-13  225.739  2.64850E-16
   40  2.62910E-01  1.41600E-13  223.522  2.46180E-16
   41  2.50320E-01  1.32620E-13  221.081  2.35380E-16
   42  2.38110E-01  1.26310E-13  218.787  2.28670E-16
   43  2.26290E-01  1.20200E-13  217.153  2.21360E-16
   44  2.14840E-01  1.14260E-13  216.439  2.14770E-16
   45  2.03760E-01  1.08520E-13  216.426  2.07990E-16
   46  1.93050E-01  1.13630E-13  216.643  2.21900E-16
   47  1.82700E-01  1.47320E-13  216.767  2.93430E-16
   48  1.72710E-01  1.95980E-13  216.753  3.98420E-16
   49  1.63080E-01  2.39710E-13  216.704  4.97710E-16
   50  1.53800E-01  2.78680E-13  216.685  5.91160E-16
   51  1.44860E-01  3.13110E-13  216.692  6.78690E-16
   52  1.36270E-01  5.16620E-13  216.701  1.14430E-15
   53  1.28010E-01  8.78890E-13  216.703  1.99100E-15
   54  1.20080E-01  1.21550E-12  216.701  2.81590E-15
   55  1.12480E-01  1.51320E-12  216.699  3.58910E-15
   56  1.05190E-01  1.81960E-12  216.699  4.41600E-15
   57  9.82240E-02  2.71700E-12  216.701  6.75520E-15
   58  9.15650E-02  4.06570E-12  216.702  1.03590E-14
   59  8.52090E-02  5.24390E-12  216.696  1.36950E-14
   60  7.91490E-02  6.26030E-12  216.692  1.67720E-14
   61  7.33810E-02  7.69860E-12  216.708  2.11660E-14
   62  6.78970E-02  9.66960E-12  216.721  2.72950E-14
   63  6.26920E-02  1.15360E-11  216.674  3.34660E-14
   64  5.77590E-02  1.30980E-11  216.643  3.90730E-14
   65  5.30910E-02  1.47270E-11  216.846  4.51820E-14
   66  4.86810E-02  1.64440E-11  217.322  5.19420E-14
   67  4.45230E-02  1.78800E-11  217.902  5.81670E-14
   68  4.06100E-02  1.89850E-11  218.493  6.36810E-14
   69  3.69350E-02  1.97840E-11  219.103  6.84660E-14
   70  3.34910E-02  2.03030E-11  219.735  7.25610E-14
   71  3.02700E-02  2.04810E-11  220.392  7.56620E-14
   72  2.72650E-02  2.00530E-11  221.078  7.66450E-14
   73  2.44680E-02  1.89740E-11  221.755  7.51160E-14
   74  2.18740E-02  1.75870E-11  222.419  7.22020E-14
   75  1.94720E-02  1.61700E-11  223.141  6.89260E-14
   76  1.72580E-02  1.45370E-11  223.983  6.43810E-14
   77  1.52210E-02  1.24990E-11  224.917  5.75920E-14
   78  1.33550E-02  1.04290E-11  225.808  5.00860E-14
   79  1.16530E-02  8.41840E-12  226.541  4.22510E-14
   80  1.01060E-02  6.39650E-12  227.333  3.36410E-14
   81  8.70620E-03  4.59300E-12  228.733  2.53000E-14
   82  7.44630E-03  3.07020E-12  231.109  1.77320E-14
   83  6.31830E-03  1.80400E-12  234.273  1.09670E-14
   84  5.31440E-03  9.39810E-13  237.747  6.02590E-15
   85  4.42680E-03  4.24370E-13  241.343  2.87910E-15
   86  3.64780E-03  1.57790E-13  245.169  1.13640E-15
   87  2.96970E-03  5.57560E-14  249.383  4.27650E-16
   88  2.38480E-03  1.18740E-14  253.968  9.73600E-17
   89  1.88550E-03  2.81890E-15  258.761  2.48400E-17
   90  1.46430E-03  5.31240E-16  264.325  5.05080E-18
   91  1.11390E-03  6.39580E-17  269.375  6.60590E-19
   92  8.26910E-04  6.17280E-18  270.524  6.96840E-20
   93  5.96370E-04  6.43870E-19  267.147  7.99220E-21
   94  4.15280E-04  1.34170E-19  260.597  1.86020E-21
   95  2.76900E-04  7.95080E-21  252.236  1.24420E-22
   96  1.74800E-04  5.90220E-22  243.066  1.05700E-23
   97  1.02710E-04  6.66820E-23  232.694  1.39890E-24
   98  5.47150E-05  4.37170E-24  221.294  1.10330E-25
   99  2.53190E-05  2.99520E-25  209.983  9.46680E-27
  100  9.36810E-06  9.37810E-27  198.086  3.98670E-28
