    1  1.07120E+00  4.28480E-12  292.064  4.10530E-15
    2  1.04270E+00  4.17080E-12  290.543  4.04920E-15
    3  1.01460E+00  4.05830E-12  289.018  3.99440E-15
    4  9.86870E-01  3.94750E-12  287.488  3.93700E-15
    5  9.59550E-01  3.83820E-12  285.950  3.87820E-15
    6  9.32640E-01  3.73050E-12  284.403  3.82210E-15
    7  9.06120E-01  3.62450E-12  282.846  3.76340E-15
    8  8.80020E-01  3.52010E-12  281.277  3.70440E-15
    9  8.54320E-01  3.41730E-12  279.695  3.64650E-15
   10  8.29030E-01  3.31610E-12  278.101  3.58630E-15
   11  8.04150E-01  3.21660E-12  276.494  3.52860E-15
   12  7.79690E-01  3.11870E-12  274.873  3.46920E-15
   13  7.55630E-01  3.02250E-12  273.239  3.40920E-15
   14  7.31990E-01  2.92800E-12  271.591  3.35020E-15
   15  7.08770E-01  2.83510E-12  269.928  3.29060E-15
   16  6.85960E-01  2.74390E-12  268.253  3.23100E-15
   17  6.63570E-01  2.65430E-12  266.563  3.17080E-15
   18  6.41600E-01  2.56640E-12  264.860  3.11160E-15
   19  6.20050E-01  2.48020E-12  263.141  3.05060E-15
   20  5.98910E-01  2.39560E-12  261.408  2.99190E-15
   21  5.78190E-01  2.31280E-12  259.659  2.93180E-15
   22  5.57890E-01  2.23160E-12  257.896  2.87240E-15
   23  5.38010E-01  2.15200E-12  256.120  2.81170E-15
   24  5.18550E-01  2.07420E-12  254.330  2.75300E-15
   25  4.99500E-01  1.99800E-12  252.523  2.69400E-15
   26  4.80860E-01  1.92350E-12  250.699  2.63380E-15
   27  4.62650E-01  1.85060E-12  248.857  2.57460E-15
   28  4.44840E-01  1.77940E-12  246.997  2.51610E-15
   29  4.27450E-01  1.70980E-12  245.124  2.45750E-15
   30  4.10480E-01  1.64190E-12  243.242  2.39870E-15
   31  3.93910E-01  1.57560E-12  241.352  2.33970E-15
   32  3.77750E-01  1.51100E-12  239.446  2.28230E-15
   33  3.61990E-01  1.44800E-12  237.504  2.22360E-15
   34  3.46640E-01  1.38660E-12  235.517  2.16750E-15
   35  3.31700E-01  1.32680E-12  233.502  2.10980E-15
   36  3.17150E-01  1.26860E-12  231.510  2.05350E-15
   37  3.03000E-01  1.21200E-12  229.587  1.99560E-15
   38  2.89240E-01  1.15700E-12  227.708  1.93870E-15
   39  2.75880E-01  1.10350E-12  225.739  1.88310E-15
   40  2.62910E-01  1.05160E-12  223.522  1.82840E-15
   41  2.50320E-01  1.00130E-12  221.081  1.77720E-15
   42  2.38110E-01  9.52460E-13  218.787  1.72430E-15
   43  2.26290E-01  9.05150E-13  217.153  1.66700E-15
   44  2.14840E-01  8.59350E-13  216.439  1.61520E-15
   45  2.03760E-01  8.15040E-13  216.426  1.56220E-15
   46  1.93050E-01  7.69160E-13  216.643  1.50210E-15
   47  1.82700E-01  7.16670E-13  216.767  1.42750E-15
   48  1.72710E-01  6.61420E-13  216.753  1.34470E-15
   49  1.63080E-01  6.09380E-13  216.704  1.26530E-15
   50  1.53800E-01  5.60670E-13  216.685  1.18930E-15
   51  1.44860E-01  5.14850E-13  216.692  1.11600E-15
   52  1.36270E-01  4.71070E-13  216.701  1.04340E-15
   53  1.28010E-01  4.29320E-13  216.703  9.72530E-16
   54  1.20080E-01  3.90230E-13  216.701  9.04020E-16
   55  1.12480E-01  3.54010E-13  216.699  8.39640E-16
   56  1.05190E-01  3.20380E-13  216.699  7.77540E-16
   57  9.82240E-02  2.89540E-13  216.701  7.19870E-16
   58  9.15650E-02  2.61290E-13  216.702  6.65770E-16
   59  8.52090E-02  2.35270E-13  216.696  6.14430E-16
   60  7.91490E-02  2.11410E-13  216.692  5.66400E-16
   61  7.33810E-02  1.89790E-13  216.708  5.21790E-16
   62  6.78970E-02  1.70380E-13  216.721  4.80950E-16
   63  6.26920E-02  1.52540E-13  216.674  4.42510E-16
   64  5.77590E-02  1.36000E-13  216.643  4.05700E-16
   65  5.30910E-02  1.20020E-13  216.846  3.68200E-16
   66  4.86810E-02  1.04530E-13  217.322  3.30180E-16
   67  4.45230E-02  9.05140E-14  217.902  2.94460E-16
   68  4.06100E-02  7.81150E-14  218.493  2.62020E-16
   69  3.69350E-02  6.72030E-14  219.103  2.32570E-16
   70  3.34910E-02  5.76940E-14  219.735  2.06190E-16
   71  3.02700E-02  4.93880E-14  220.392  1.82450E-16
   72  2.72650E-02  4.23350E-14  221.078  1.61810E-16
   73  2.44680E-02  3.64470E-14  221.755  1.44290E-16
   74  2.18740E-02  3.13680E-14  222.419  1.28780E-16
   75  1.94720E-02  2.68520E-14  223.141  1.14460E-16
   76  1.72580E-02  2.28880E-14  223.983  1.01370E-16
   77  1.52210E-02  1.95010E-14  224.917  8.98510E-17
   78  1.33550E-02  1.65530E-14  225.808  7.94980E-17
   79  1.16530E-02  1.39340E-14  226.541  6.99320E-17
   80  1.01060E-02  1.16190E-14  227.333  6.11090E-17
   81  8.70620E-03  9.59050E-15  228.733  5.28280E-17
   82  7.44630E-03  7.80560E-15  231.109  4.50810E-17
   83  6.31830E-03  6.24800E-15  234.273  3.79840E-17
   84  5.31440E-03  4.91270E-15  237.747  3.14990E-17
   85  4.42680E-03  3.78460E-15  241.343  2.56760E-17
   86  3.64780E-03  2.86590E-15  245.169  2.06400E-17
   87  2.96970E-03  2.12890E-15  249.383  1.63280E-17
   88  2.38480E-03  1.53750E-15  253.968  1.26070E-17
   89  1.88550E-03  1.08680E-15  258.761  9.57710E-18
   90  1.46430E-03  7.58760E-16  264.325  7.21390E-18
   91  1.11390E-03  5.22350E-16  269.375  5.39520E-18
   92  8.26910E-04  3.53850E-16  270.524  3.99460E-18
   93  5.96370E-04  2.33110E-16  267.147  2.89360E-18
   94  4.15280E-04  1.47260E-16  260.597  2.04170E-18
   95  2.76900E-04  8.81790E-17  252.236  1.37990E-18
   96  1.74800E-04  4.95550E-17  243.066  8.87430E-19
   97  1.02710E-04  2.56710E-17  232.694  5.38530E-19
   98  5.47150E-05  1.18360E-17  221.294  2.98720E-19
   99  2.53190E-05  3.84350E-18  209.983  1.21480E-19
  100  9.36810E-06  5.08300E-19  198.086  2.16080E-20
