    1  1.07120E+00  6.45510E-12  292.064  6.18460E-15
    2  1.04270E+00  6.96510E-12  290.543  6.76210E-15
    3  1.01460E+00  7.44970E-12  289.018  7.33230E-15
    4  9.86870E-01  7.90880E-12  287.488  7.88790E-15
    5  9.59550E-01  8.34290E-12  285.950  8.42990E-15
    6  9.32640E-01  8.75220E-12  284.403  8.96700E-15
    7  9.06120E-01  9.13700E-12  282.846  9.48700E-15
    8  8.80020E-01  9.38590E-12  281.277  9.87740E-15
    9  8.54320E-01  9.47430E-12  279.695  1.01100E-14
   10  8.29030E-01  9.51860E-12  278.101  1.02940E-14
   11  8.04150E-01  9.55240E-12  276.494  1.04790E-14
   12  7.79690E-01  9.41090E-12  274.873  1.04690E-14
   13  7.55630E-01  9.03770E-12  273.239  1.01940E-14
   14  7.31990E-01  8.60670E-12  271.591  9.84770E-15
   15  7.08770E-01  8.18800E-12  269.928  9.50370E-15
   16  6.85960E-01  7.72910E-12  268.253  9.10130E-15
   17  6.63570E-01  7.21830E-12  266.563  8.62280E-15
   18  6.41600E-01  6.71040E-12  264.859  8.13580E-15
   19  6.20050E-01  6.22130E-12  263.141  7.65210E-15
   20  5.98910E-01  5.73930E-12  261.408  7.16790E-15
   21  5.78190E-01  5.26470E-12  259.659  6.67370E-15
   22  5.57890E-01  4.80890E-12  257.896  6.18990E-15
   23  5.38010E-01  4.37700E-12  256.120  5.71860E-15
   24  5.18550E-01  3.98100E-12  254.330  5.28390E-15
   25  4.99500E-01  3.61470E-12  252.523  4.87390E-15
   26  4.80860E-01  3.26480E-12  250.699  4.47050E-15
   27  4.62650E-01  2.95890E-12  248.857  4.11650E-15
   28  4.44840E-01  2.70670E-12  246.997  3.82730E-15
   29  4.27450E-01  2.47790E-12  245.124  3.56140E-15
   30  4.10480E-01  2.26330E-12  243.242  3.30650E-15
   31  3.93910E-01  2.07620E-12  241.352  3.08310E-15
   32  3.77750E-01  1.91110E-12  239.446  2.88670E-15
   33  3.61990E-01  1.75350E-12  237.504  2.69280E-15
   34  3.46640E-01  1.62270E-12  235.517  2.53670E-15
   35  3.31700E-01  1.52020E-12  233.502  2.41740E-15
   36  3.17150E-01  1.42530E-12  231.510  2.30720E-15
   37  3.03000E-01  1.34030E-12  229.587  2.20690E-15
   38  2.89240E-01  1.26890E-12  227.708  2.12630E-15
   39  2.75880E-01  1.20420E-12  225.739  2.05480E-15
   40  2.62910E-01  1.14780E-12  223.522  1.99570E-15
   41  2.50320E-01  1.10830E-12  221.081  1.96720E-15
   42  2.38110E-01  1.07810E-12  218.787  1.95180E-15
   43  2.26290E-01  1.04820E-12  217.153  1.93040E-15
   44  2.14840E-01  1.01960E-12  216.439  1.91640E-15
   45  2.03760E-01  9.91710E-13  216.427  1.90080E-15
   46  1.93050E-01  9.61720E-13  216.643  1.87820E-15
   47  1.82700E-01  9.26740E-13  216.767  1.84590E-15
   48  1.72710E-01  8.89060E-13  216.753  1.80740E-15
   49  1.63080E-01  8.54830E-13  216.704  1.77490E-15
   50  1.53800E-01  8.25830E-13  216.685  1.75180E-15
   51  1.44860E-01  7.98830E-13  216.692  1.73150E-15
   52  1.36270E-01  7.93130E-13  216.701  1.75680E-15
   53  1.28010E-01  8.07500E-13  216.703  1.82920E-15
   54  1.20080E-01  8.25900E-13  216.701  1.91330E-15
   55  1.12480E-01  8.54400E-13  216.699  2.02640E-15
   56  1.05190E-01  8.86770E-13  216.699  2.15220E-15
   57  9.82240E-02  9.40370E-13  216.701  2.33800E-15
   58  9.15650E-02  1.00920E-12  216.702  2.57150E-15
   59  8.52090E-02  1.08310E-12  216.696  2.82870E-15
   60  7.91490E-02  1.16300E-12  216.692  3.11590E-15
   61  7.33810E-02  1.25620E-12  216.708  3.45370E-15
   62  6.78970E-02  1.36500E-12  216.721  3.85320E-15
   63  6.26920E-02  1.48210E-12  216.674  4.29960E-15
   64  5.77590E-02  1.60260E-12  216.643  4.78060E-15
   65  5.30910E-02  1.75290E-12  216.846  5.37770E-15
   66  4.86810E-02  1.92780E-12  217.322  6.08940E-15
   67  4.45230E-02  2.10660E-12  217.902  6.85320E-15
   68  4.06100E-02  2.29090E-12  218.493  7.68430E-15
   69  3.69350E-02  2.47870E-12  219.103  8.57790E-15
   70  3.34910E-02  2.67770E-12  219.735  9.56960E-15
   71  3.02700E-02  2.87840E-12  220.392  1.06330E-14
   72  2.72650E-02  3.11450E-12  221.078  1.19040E-14
   73  2.44680E-02  3.27560E-12  221.755  1.29680E-14
   74  2.18740E-02  3.29030E-12  222.419  1.35080E-14
   75  1.94720E-02  3.24470E-12  223.141  1.38310E-14
   76  1.72580E-02  3.17750E-12  223.983  1.40720E-14
   77  1.52210E-02  3.10120E-12  224.917  1.42890E-14
   78  1.33550E-02  3.00450E-12  225.808  1.44290E-14
   79  1.16530E-02  2.86240E-12  226.541  1.43660E-14
   80  1.01060E-02  2.67510E-12  227.333  1.40690E-14
   81  8.70620E-03  2.46920E-12  228.733  1.36010E-14
   82  7.44630E-03  2.23310E-12  231.109  1.28980E-14
   83  6.31830E-03  1.97610E-12  234.273  1.20130E-14
   84  5.31440E-03  1.68040E-12  237.747  1.07740E-14
   85  4.42680E-03  1.36030E-12  241.343  9.22900E-15
   86  3.64780E-03  1.04580E-12  245.169  7.53150E-15
   87  2.96970E-03  7.49840E-13  249.383  5.75130E-15
   88  2.38480E-03  4.88880E-13  253.968  4.00850E-15
   89  1.88550E-03  2.83060E-13  258.761  2.49440E-15
   90  1.46430E-03  1.47200E-13  264.325  1.39950E-15
   91  1.11390E-03  6.59390E-14  269.375  6.81060E-16
   92  8.26910E-04  2.68900E-14  270.524  3.03560E-16
   93  5.96370E-04  1.24190E-14  267.147  1.54160E-16
   94  4.15280E-04  6.58350E-15  260.597  9.12750E-17
   95  2.76900E-04  3.38480E-15  252.236  5.29670E-17
   96  1.74800E-04  1.73350E-15  243.066  3.10440E-17
   97  1.02710E-04  8.68790E-16  232.694  1.82260E-17
   98  5.47150E-05  4.01050E-16  221.294  1.01210E-17
   99  2.53190E-05  1.64120E-16  209.983  5.18730E-18
  100  9.36810E-06  5.43490E-17  198.086  2.31040E-18
