    1  1.07120E+00  3.21360E-10  292.064  3.07890E-13
    2  1.04270E+00  3.12810E-10  290.543  3.03690E-13
    3  1.01460E+00  3.04370E-10  289.018  2.99580E-13
    4  9.86870E-01  2.96060E-10  287.488  2.95280E-13
    5  9.59550E-01  2.87860E-10  285.950  2.90870E-13
    6  9.32640E-01  2.79790E-10  284.403  2.86660E-13
    7  9.06120E-01  2.71840E-10  282.846  2.82250E-13
    8  8.80020E-01  2.64000E-10  281.277  2.77830E-13
    9  8.54320E-01  2.56300E-10  279.695  2.73480E-13
   10  8.29030E-01  2.48710E-10  278.101  2.68970E-13
   11  8.04150E-01  2.41250E-10  276.494  2.64650E-13
   12  7.79690E-01  2.33910E-10  274.873  2.60190E-13
   13  7.55630E-01  2.26690E-10  273.239  2.55690E-13
   14  7.31990E-01  2.19600E-10  271.591  2.51260E-13
   15  7.08770E-01  2.12630E-10  269.928  2.46800E-13
   16  6.85960E-01  2.05790E-10  268.253  2.42320E-13
   17  6.63570E-01  1.99070E-10  266.563  2.37810E-13
   18  6.41600E-01  1.92480E-10  264.859  2.33370E-13
   19  6.20050E-01  1.86010E-10  263.141  2.28790E-13
   20  5.98910E-01  1.79670E-10  261.408  2.24400E-13
   21  5.78190E-01  1.73460E-10  259.659  2.19880E-13
   22  5.57890E-01  1.67370E-10  257.896  2.15430E-13
   23  5.38010E-01  1.61400E-10  256.120  2.10880E-13
   24  5.18550E-01  1.55560E-10  254.330  2.06480E-13
   25  4.99500E-01  1.49850E-10  252.523  2.02050E-13
   26  4.80860E-01  1.44260E-10  250.699  1.97540E-13
   27  4.62650E-01  1.38790E-10  248.857  1.93090E-13
   28  4.44840E-01  1.33450E-10  246.997  1.88710E-13
   29  4.27450E-01  1.28240E-10  245.124  1.84310E-13
   30  4.10480E-01  1.23140E-10  243.242  1.79900E-13
   31  3.93910E-01  1.18170E-10  241.352  1.75480E-13
   32  3.77750E-01  1.13320E-10  239.446  1.71180E-13
   33  3.61990E-01  1.08600E-10  237.504  1.66770E-13
   34  3.46640E-01  1.03990E-10  235.517  1.62560E-13
   35  3.31700E-01  9.95090E-11  233.502  1.58230E-13
   36  3.17150E-01  9.51450E-11  231.510  1.54010E-13
   37  3.03000E-01  9.09000E-11  229.587  1.49670E-13
   38  2.89240E-01  8.67740E-11  227.708  1.45400E-13
   39  2.75880E-01  8.27650E-11  225.739  1.41230E-13
   40  2.62910E-01  7.88720E-11  223.522  1.37130E-13
   41  2.50320E-01  7.50960E-11  221.081  1.33290E-13
   42  2.38110E-01  7.14350E-11  218.787  1.29320E-13
   43  2.26290E-01  6.78870E-11  217.153  1.25030E-13
   44  2.14840E-01  6.44510E-11  216.439  1.21140E-13
   45  2.03760E-01  6.11280E-11  216.427  1.17160E-13
   46  1.93050E-01  5.79030E-11  216.643  1.13080E-13
   47  1.82700E-01  5.47560E-11  216.767  1.09060E-13
   48  1.72710E-01  5.17010E-11  216.753  1.05110E-13
   49  1.63080E-01  4.87070E-11  216.704  1.01130E-13
   50  1.53800E-01  4.57430E-11  216.685  9.70340E-14
   51  1.44860E-01  4.28650E-11  216.692  9.29120E-14
   52  1.36270E-01  3.99130E-11  216.701  8.84090E-14
   53  1.28010E-01  3.68990E-11  216.703  8.35860E-14
   54  1.20080E-01  3.39950E-11  216.701  7.87550E-14
   55  1.12480E-01  3.11800E-11  216.699  7.39520E-14
   56  1.05190E-01  2.84870E-11  216.699  6.91370E-14
   57  9.82240E-02  2.59330E-11  216.701  6.44760E-14
   58  9.15650E-02  2.35180E-11  216.702  5.99240E-14
   59  8.52090E-02  2.13250E-11  216.696  5.56940E-14
   60  7.91490E-02  1.93510E-11  216.692  5.18440E-14
   61  7.33810E-02  1.77220E-11  216.708  4.87230E-14
   62  6.78970E-02  1.64590E-11  216.721  4.64610E-14
   63  6.26920E-02  1.54060E-11  216.674  4.46930E-14
   64  5.77590E-02  1.44970E-11  216.643  4.32440E-14
   65  5.30910E-02  1.37690E-11  216.846  4.22420E-14
   66  4.86810E-02  1.31960E-11  217.322  4.16830E-14
   67  4.45230E-02  1.27340E-11  217.902  4.14270E-14
   68  4.06100E-02  1.24260E-11  218.493  4.16790E-14
   69  3.69350E-02  1.23240E-11  219.103  4.26490E-14
   70  3.34910E-02  1.25900E-11  219.735  4.49950E-14
   71  3.02700E-02  1.33630E-11  220.392  4.93660E-14
   72  2.72650E-02  1.53120E-11  221.078  5.85260E-14
   73  2.44680E-02  1.78170E-11  221.755  7.05360E-14
   74  2.18740E-02  1.97530E-11  222.419  8.10930E-14
   75  1.94720E-02  2.11270E-11  223.141  9.00560E-14
   76  1.72580E-02  2.27560E-11  223.983  1.00780E-13
   77  1.52210E-02  2.52470E-11  224.917  1.16330E-13
   78  1.33550E-02  2.75870E-11  225.808  1.32490E-13
   79  1.16530E-02  3.00050E-11  226.541  1.50590E-13
   80  1.01060E-02  3.28810E-11  227.333  1.72930E-13
   81  8.70620E-03  3.50410E-11  228.733  1.93020E-13
   82  7.44630E-03  3.73570E-11  231.109  2.15760E-13
   83  6.31830E-03  3.96780E-11  234.273  2.41220E-13
   84  5.31440E-03  4.01550E-11  237.747  2.57470E-13
   85  4.42680E-03  3.89050E-11  241.343  2.63940E-13
   86  3.64780E-03  3.61690E-11  245.169  2.60480E-13
   87  2.96970E-03  3.22680E-11  249.383  2.47500E-13
   88  2.38480E-03  2.75640E-11  253.968  2.26010E-13
   89  1.88550E-03  2.22350E-11  258.761  1.95930E-13
   90  1.46430E-03  1.69740E-11  264.325  1.61380E-13
   91  1.11390E-03  1.23480E-11  269.375  1.27530E-13
   92  8.26910E-04  8.69910E-12  270.524  9.82020E-14
   93  5.96370E-04  6.09080E-12  267.147  7.56030E-14
   94  4.15280E-04  4.20650E-12  260.597  5.83210E-14
   95  2.76900E-04  2.79660E-12  252.236  4.37630E-14
   96  1.74800E-04  1.77640E-12  243.066  3.18120E-14
   97  1.02710E-04  1.08100E-12  232.694  2.26760E-14
   98  5.47150E-05  6.54620E-13  221.294  1.65210E-14
   99  2.53190E-05  4.24450E-13  209.983  1.34150E-14
  100  9.36810E-06  3.64950E-13  198.086  1.55140E-14
