    1  1.07120E+00  1.82100E-06  292.064  1.74470E-09
    2  1.04270E+00  1.77260E-06  290.543  1.72090E-09
    3  1.01460E+00  1.72480E-06  289.018  1.69760E-09
    4  9.86870E-01  1.67770E-06  287.488  1.67320E-09
    5  9.59550E-01  1.63120E-06  285.950  1.64820E-09
    6  9.32640E-01  1.58550E-06  284.403  1.62440E-09
    7  9.06120E-01  1.54040E-06  282.846  1.59940E-09
    8  8.80020E-01  1.49600E-06  281.277  1.57440E-09
    9  8.54320E-01  1.45240E-06  279.695  1.54970E-09
   10  8.29030E-01  1.40940E-06  278.101  1.52420E-09
   11  8.04150E-01  1.36710E-06  276.494  1.49970E-09
   12  7.79690E-01  1.32550E-06  274.873  1.47440E-09
   13  7.55630E-01  1.28460E-06  273.239  1.44890E-09
   14  7.31990E-01  1.24440E-06  271.591  1.42380E-09
   15  7.08770E-01  1.20490E-06  269.928  1.39850E-09
   16  6.85960E-01  1.16610E-06  268.253  1.37320E-09
   17  6.63570E-01  1.12810E-06  266.563  1.34760E-09
   18  6.41600E-01  1.09070E-06  264.859  1.32240E-09
   19  6.20050E-01  1.05410E-06  263.141  1.29650E-09
   20  5.98910E-01  1.01810E-06  261.408  1.27160E-09
   21  5.78190E-01  9.82930E-07  259.659  1.24600E-09
   22  5.57890E-01  9.48420E-07  257.896  1.22080E-09
   23  5.38010E-01  9.14620E-07  256.120  1.19500E-09
   24  5.18550E-01  8.81530E-07  254.330  1.17000E-09
   25  4.99500E-01  8.49140E-07  252.523  1.14490E-09
   26  4.80860E-01  8.17470E-07  250.699  1.11940E-09
   27  4.62650E-01  7.86450E-07  248.857  1.09410E-09
   28  4.44840E-01  7.56090E-07  246.997  1.06910E-09
   29  4.27450E-01  7.26400E-07  245.124  1.04400E-09
   30  4.10480E-01  6.97420E-07  243.242  1.01890E-09
   31  3.93910E-01  6.69080E-07  241.352  9.93560E-10
   32  3.77750E-01  6.41410E-07  239.446  9.68850E-10
   33  3.61990E-01  6.14450E-07  237.504  9.43590E-10
   34  3.46640E-01  5.88100E-07  235.517  9.19330E-10
   35  3.31700E-01  5.62350E-07  233.502  8.94230E-10
   36  3.17150E-01  5.37300E-07  231.510  8.69730E-10
   37  3.03000E-01  5.12850E-07  229.587  8.44410E-10
   38  2.89240E-01  4.88930E-07  227.708  8.19290E-10
   39  2.75880E-01  4.65650E-07  225.739  7.94580E-10
   40  2.62910E-01  4.43050E-07  223.522  7.70280E-10
   41  2.50320E-01  4.21080E-07  221.081  7.47370E-10
   42  2.38110E-01  3.99780E-07  218.787  7.23740E-10
   43  2.26290E-01  3.79150E-07  217.153  6.98270E-10
   44  2.14840E-01  3.59110E-07  216.439  6.74970E-10
   45  2.03760E-01  3.39700E-07  216.427  6.51100E-10
   46  1.93050E-01  3.20930E-07  216.643  6.26760E-10
   47  1.82700E-01  3.02720E-07  216.767  6.02980E-10
   48  1.72710E-01  2.85120E-07  216.753  5.79650E-10
   49  1.63080E-01  2.68180E-07  216.704  5.56810E-10
   50  1.53800E-01  2.51850E-07  216.685  5.34240E-10
   51  1.44860E-01  2.36160E-07  216.692  5.11900E-10
   52  1.36270E-01  2.21090E-07  216.701  4.89730E-10
   53  1.28010E-01  2.06630E-07  216.703  4.68080E-10
   54  1.20080E-01  1.92780E-07  216.701  4.46610E-10
   55  1.12480E-01  1.79530E-07  216.699  4.25800E-10
   56  1.05190E-01  1.66860E-07  216.699  4.04970E-10
   57  9.82240E-02  1.54680E-07  216.701  3.84580E-10
   58  9.15650E-02  1.43000E-07  216.702  3.64380E-10
   59  8.52090E-02  1.31890E-07  216.696  3.44460E-10
   60  7.91490E-02  1.21330E-07  216.692  3.25070E-10
   61  7.33810E-02  1.11240E-07  216.708  3.05830E-10
   62  6.78970E-02  1.01590E-07  216.721  2.86770E-10
   63  6.26920E-02  9.23210E-08  216.674  2.67820E-10
   64  5.77590E-02  8.34280E-08  216.643  2.48860E-10
   65  5.30910E-02  7.49320E-08  216.846  2.29880E-10
   66  4.86810E-02  6.68720E-08  217.322  2.11230E-10
   67  4.45230E-02  5.92190E-08  217.902  1.92650E-10
   68  4.06100E-02  5.20300E-08  218.493  1.74520E-10
   69  3.69350E-02  4.54760E-08  219.103  1.57380E-10
   70  3.34910E-02  3.95780E-08  219.735  1.41440E-10
   71  3.02700E-02  3.43190E-08  220.392  1.26780E-10
   72  2.72650E-02  2.96700E-08  221.078  1.13400E-10
   73  2.44680E-02  2.57720E-08  221.755  1.02030E-10
   74  2.18740E-02  2.25320E-08  222.419  9.25020E-11
   75  1.94720E-02  1.96530E-08  223.141  8.37730E-11
   76  1.72580E-02  1.70370E-08  223.983  7.54530E-11
   77  1.52210E-02  1.46620E-08  224.917  6.75550E-11
   78  1.33550E-02  1.25240E-08  225.808  6.01460E-11
   79  1.16530E-02  1.06110E-08  226.541  5.32550E-11
   80  1.01060E-02  8.90630E-09  227.333  4.68400E-11
   81  8.70620E-03  7.40290E-09  228.733  4.07780E-11
   82  7.44630E-03  6.06680E-09  231.109  3.50390E-11
   83  6.31830E-03  4.88830E-09  234.273  2.97180E-11
   84  5.31440E-03  3.87700E-09  237.747  2.48590E-11
   85  4.42680E-03  3.02040E-09  241.343  2.04910E-11
   86  3.64780E-03  2.30360E-09  245.169  1.65900E-11
   87  2.96970E-03  1.70940E-09  249.383  1.31110E-11
   88  2.38480E-03  1.21950E-09  253.968  9.99950E-12
   89  1.88550E-03  8.28550E-10  258.761  7.30110E-12
   90  1.46430E-03  5.33900E-10  264.325  5.07600E-12
   91  1.11390E-03  3.24030E-10  269.375  3.34670E-12
   92  8.26910E-04  1.89350E-10  270.524  2.13760E-12
   93  5.96370E-04  1.13580E-10  267.147  1.40980E-12
   94  4.15280E-04  7.03540E-11  260.597  9.75410E-13
   95  2.76900E-04  4.31260E-11  252.236  6.74840E-13
   96  1.74800E-04  2.62720E-11  243.066  4.70490E-13
   97  1.02710E-04  1.54070E-11  232.694  3.23210E-13
   98  5.47150E-05  8.20720E-12  221.294  2.07130E-13
   99  2.53190E-05  3.79790E-12  209.983  1.20040E-13
  100  9.36810E-06  1.40520E-12  198.086  5.97360E-14
