    1  1.07120E+00  2.03530E-11  292.064  1.95000E-14
    2  1.04270E+00  1.98110E-11  290.543  1.92340E-14
    3  1.01460E+00  1.92770E-11  289.018  1.89730E-14
    4  9.86870E-01  1.87500E-11  287.488  1.87010E-14
    5  9.59550E-01  1.82310E-11  285.950  1.84210E-14
    6  9.32640E-01  1.77200E-11  284.403  1.81550E-14
    7  9.06120E-01  1.72160E-11  282.846  1.78760E-14
    8  8.80020E-01  1.67200E-11  281.277  1.75950E-14
    9  8.54320E-01  1.62300E-11  279.695  1.73180E-14
   10  8.29030E-01  1.57470E-11  278.101  1.70300E-14
   11  8.04150E-01  1.52720E-11  276.494  1.67540E-14
   12  7.79690E-01  1.48070E-11  274.873  1.64700E-14
   13  7.55630E-01  1.43500E-11  273.239  1.61850E-14
   14  7.31990E-01  1.39010E-11  271.591  1.59050E-14
   15  7.08770E-01  1.34600E-11  269.928  1.56220E-14
   16  6.85960E-01  1.30260E-11  268.253  1.53380E-14
   17  6.63570E-01  1.25990E-11  266.563  1.50510E-14
   18  6.41600E-01  1.21800E-11  264.860  1.47680E-14
   19  6.20050E-01  1.17690E-11  263.141  1.44760E-14
   20  5.98910E-01  1.13670E-11  261.408  1.41970E-14
   21  5.78190E-01  1.09740E-11  259.659  1.39110E-14
   22  5.57890E-01  1.05890E-11  257.896  1.36300E-14
   23  5.38010E-01  1.02110E-11  256.120  1.33410E-14
   24  5.18550E-01  9.84090E-12  254.330  1.30620E-14
   25  4.99500E-01  9.47800E-12  252.523  1.27800E-14
   26  4.80860E-01  9.12310E-12  250.699  1.24930E-14
   27  4.62650E-01  8.77620E-12  248.857  1.22100E-14
   28  4.44840E-01  8.43720E-12  246.997  1.19300E-14
   29  4.27450E-01  8.10610E-12  245.124  1.16510E-14
   30  4.10480E-01  7.78300E-12  243.242  1.13700E-14
   31  3.93910E-01  7.46760E-12  241.352  1.10890E-14
   32  3.77750E-01  7.16020E-12  239.446  1.08150E-14
   33  3.61990E-01  6.86050E-12  237.504  1.05350E-14
   34  3.46640E-01  6.56850E-12  235.517  1.02680E-14
   35  3.31700E-01  6.28430E-12  233.502  9.99300E-15
   36  3.17150E-01  6.00770E-12  231.510  9.72470E-15
   37  3.03000E-01  5.73870E-12  229.587  9.44890E-15
   38  2.89240E-01  5.47740E-12  227.708  9.17830E-15
   39  2.75880E-01  5.22340E-12  225.739  8.91330E-15
   40  2.62910E-01  4.97660E-12  223.522  8.65240E-15
   41  2.50320E-01  4.73640E-12  221.081  8.40660E-15
   42  2.38110E-01  4.50320E-12  218.787  8.15230E-15
   43  2.26290E-01  4.27730E-12  217.153  7.87740E-15
   44  2.14840E-01  4.05870E-12  216.439  7.62860E-15
   45  2.03760E-01  3.84740E-12  216.426  7.37420E-15
   46  1.93050E-01  3.64160E-12  216.643  7.11180E-15
   47  1.82700E-01  3.43890E-12  216.767  6.84960E-15
   48  1.72710E-01  3.24100E-12  216.753  6.58880E-15
   49  1.63080E-01  3.05050E-12  216.704  6.33380E-15
   50  1.53800E-01  2.86730E-12  216.685  6.08220E-15
   51  1.44860E-01  2.69130E-12  216.692  5.83350E-15
   52  1.36270E-01  2.51420E-12  216.701  5.56910E-15
   53  1.28010E-01  2.33650E-12  216.703  5.29300E-15
   54  1.20080E-01  2.16680E-12  216.701  5.01970E-15
   55  1.12480E-01  2.00540E-12  216.699  4.75630E-15
   56  1.05190E-01  1.85170E-12  216.699  4.49400E-15
   57  9.82240E-02  1.69860E-12  216.701  4.22320E-15
   58  9.15650E-02  1.54780E-12  216.702  3.94370E-15
   59  8.52090E-02  1.40610E-12  216.696  3.67230E-15
   60  7.91490E-02  1.27340E-12  216.692  3.41170E-15
   61  7.33810E-02  1.14660E-12  216.708  3.15240E-15
   62  6.78970E-02  1.02500E-12  216.721  2.89320E-15
   63  6.26920E-02  9.11300E-13  216.674  2.64370E-15
   64  5.77590E-02  8.06370E-13  216.643  2.40540E-15
   65  5.30910E-02  7.08590E-13  216.846  2.17390E-15
   66  4.86810E-02  6.17580E-13  217.322  1.95080E-15
   67  4.45230E-02  5.34270E-13  217.902  1.73810E-15
   68  4.06100E-02  4.58390E-13  218.493  1.53760E-15
   69  3.69350E-02  3.89360E-13  219.103  1.34740E-15
   70  3.34910E-02  3.26970E-13  219.735  1.16850E-15
   71  3.02700E-02  2.71190E-13  220.392  1.00180E-15
   72  2.72650E-02  2.21960E-13  221.078  8.48360E-16
   73  2.44680E-02  1.79290E-13  221.755  7.09770E-16
   74  2.18740E-02  1.42510E-13  222.419  5.85080E-16
   75  1.94720E-02  1.10630E-13  223.141  4.71540E-16
   76  1.72580E-02  8.38720E-14  223.983  3.71450E-16
   77  1.52210E-02  6.24730E-14  224.917  2.87850E-16
   78  1.33550E-02  4.50190E-14  225.808  2.16210E-16
   79  1.16530E-02  3.14900E-14  226.541  1.58040E-16
   80  1.01060E-02  2.19410E-14  227.333  1.15390E-16
   81  8.70620E-03  1.46670E-14  228.733  8.07910E-17
   82  7.44630E-03  9.29300E-15  231.109  5.36720E-17
   83  6.31830E-03  5.54260E-15  234.273  3.36960E-17
   84  5.31440E-03  3.08610E-15  237.747  1.97880E-17
   85  4.42680E-03  1.65690E-15  241.343  1.12410E-17
   86  3.64780E-03  8.48440E-16  245.169  6.11040E-18
   87  2.96970E-03  4.47470E-16  249.383  3.43210E-18
   88  2.38480E-03  2.14630E-16  253.968  1.75980E-18
   89  1.88550E-03  1.03400E-16  258.761  9.11140E-19
   90  1.46430E-03  4.74510E-17  264.325  4.51150E-19
   91  1.11390E-03  2.02490E-17  269.375  2.09150E-19
   92  8.26910E-04  8.57900E-18  270.524  9.68470E-20
   93  5.96370E-04  3.82610E-18  267.147  4.74920E-20
   94  4.15280E-04  1.64660E-18  260.597  2.28280E-20
   95  2.76900E-04  5.99360E-19  252.236  9.37900E-21
   96  1.74800E-04  1.89860E-19  243.066  3.40000E-21
   97  1.02710E-04  5.56940E-20  232.694  1.16840E-21
   98  5.47150E-05  1.19100E-20  221.294  3.00570E-22
   99  2.53190E-05  1.78820E-21  209.983  5.65180E-23
  100  9.36810E-06  1.68830E-22  198.086  7.17710E-24
