    1  1.07120E+00  2.23880E-01  292.064  2.14500E-04
    2  1.04270E+00  2.17920E-01  290.543  2.11570E-04
    3  1.01460E+00  2.12050E-01  289.018  2.08710E-04
    4  9.86870E-01  2.06250E-01  287.488  2.05710E-04
    5  9.59550E-01  2.00550E-01  285.950  2.02640E-04
    6  9.32640E-01  1.94920E-01  284.403  1.99700E-04
    7  9.06120E-01  1.89380E-01  282.846  1.96640E-04
    8  8.80020E-01  1.83920E-01  281.277  1.93550E-04
    9  8.54320E-01  1.78550E-01  279.695  1.90530E-04
   10  8.29030E-01  1.73270E-01  278.101  1.87380E-04
   11  8.04150E-01  1.68070E-01  276.494  1.84370E-04
   12  7.79690E-01  1.62950E-01  274.873  1.81270E-04
   13  7.55630E-01  1.57930E-01  273.239  1.78130E-04
   14  7.31990E-01  1.52990E-01  271.591  1.75050E-04
   15  7.08770E-01  1.48130E-01  269.928  1.71930E-04
   16  6.85960E-01  1.43370E-01  268.253  1.68820E-04
   17  6.63570E-01  1.38690E-01  266.563  1.65670E-04
   18  6.41600E-01  1.34090E-01  264.859  1.62580E-04
   19  6.20050E-01  1.29590E-01  263.141  1.59390E-04
   20  5.98910E-01  1.25170E-01  261.408  1.56330E-04
   21  5.78190E-01  1.20840E-01  259.659  1.53190E-04
   22  5.57890E-01  1.16600E-01  257.896  1.50080E-04
   23  5.38010E-01  1.12440E-01  256.120  1.46910E-04
   24  5.18550E-01  1.08380E-01  254.330  1.43850E-04
   25  4.99500E-01  1.04390E-01  252.523  1.40760E-04
   26  4.80860E-01  1.00500E-01  250.699  1.37620E-04
   27  4.62650E-01  9.66930E-02  248.857  1.34520E-04
   28  4.44840E-01  9.29730E-02  246.997  1.31460E-04
   29  4.27450E-01  8.93380E-02  245.124  1.28400E-04
   30  4.10480E-01  8.57890E-02  243.242  1.25330E-04
   31  3.93910E-01  8.23260E-02  241.352  1.22250E-04
   32  3.77750E-01  7.89490E-02  239.446  1.19250E-04
   33  3.61990E-01  7.56560E-02  237.504  1.16180E-04
   34  3.46640E-01  7.24480E-02  235.517  1.13250E-04
   35  3.31700E-01  6.93250E-02  233.502  1.10240E-04
   36  3.17150E-01  6.62840E-02  231.510  1.07290E-04
   37  3.03000E-01  6.33270E-02  229.587  1.04270E-04
   38  2.89240E-01  6.04520E-02  227.708  1.01300E-04
   39  2.75880E-01  5.76590E-02  225.739  9.83900E-05
   40  2.62910E-01  5.49480E-02  223.522  9.55330E-05
   41  2.50320E-01  5.23170E-02  221.081  9.28560E-05
   42  2.38110E-01  4.97660E-02  218.787  9.00940E-05
   43  2.26290E-01  4.72940E-02  217.153  8.71010E-05
   44  2.14840E-01  4.49010E-02  216.439  8.43950E-05
   45  2.03760E-01  4.25860E-02  216.427  8.16230E-05
   46  1.93050E-01  4.03470E-02  216.643  7.87950E-05
   47  1.82700E-01  3.81840E-02  216.767  7.60570E-05
   48  1.72710E-01  3.60970E-02  216.753  7.33840E-05
   49  1.63080E-01  3.40840E-02  216.704  7.07680E-05
   50  1.53800E-01  3.21440E-02  216.685  6.81860E-05
   51  1.44860E-01  3.02760E-02  216.692  6.56250E-05
   52  1.36270E-01  2.84800E-02  216.701  6.30830E-05
   53  1.28010E-01  2.67530E-02  216.703  6.06050E-05
   54  1.20080E-01  2.50960E-02  216.701  5.81390E-05
   55  1.12480E-01  2.35070E-02  216.699  5.57540E-05
   56  1.05190E-01  2.19850E-02  216.699  5.33570E-05
   57  9.82240E-02  2.05290E-02  216.701  5.10400E-05
   58  9.15650E-02  1.91370E-02  216.702  4.87620E-05
   59  8.52090E-02  1.78090E-02  216.696  4.65100E-05
   60  7.91490E-02  1.65420E-02  216.692  4.43200E-05
   61  7.33810E-02  1.53370E-02  216.708  4.21650E-05
   62  6.78970E-02  1.41910E-02  216.721  4.00570E-05
   63  6.26920E-02  1.31030E-02  216.674  3.80110E-05
   64  5.77590E-02  1.20720E-02  216.643  3.60090E-05
   65  5.30910E-02  1.10960E-02  216.846  3.40410E-05
   66  4.86810E-02  1.01740E-02  217.322  3.21380E-05
   67  4.45230E-02  9.30540E-03  217.902  3.02720E-05
   68  4.06100E-02  8.48760E-03  218.493  2.84700E-05
   69  3.69350E-02  7.71950E-03  219.103  2.67140E-05
   70  3.34910E-02  6.99960E-03  219.735  2.50150E-05
   71  3.02700E-02  6.32630E-03  220.392  2.33710E-05
   72  2.72650E-02  5.69830E-03  221.078  2.17800E-05
   73  2.44680E-02  5.11390E-03  221.755  2.02450E-05
   74  2.18740E-02  4.57160E-03  222.419  1.87680E-05
   75  1.94720E-02  4.06970E-03  223.141  1.73470E-05
   76  1.72580E-02  3.60680E-03  223.983  1.59740E-05
   77  1.52210E-02  3.18120E-03  224.917  1.46580E-05
   78  1.33550E-02  2.79130E-03  225.808  1.34050E-05
   79  1.16530E-02  2.43550E-03  226.541  1.22230E-05
   80  1.01060E-02  2.11210E-03  227.333  1.11080E-05
   81  8.70620E-03  1.81960E-03  228.733  1.00230E-05
   82  7.44630E-03  1.55630E-03  231.109  8.98830E-06
   83  6.31830E-03  1.32050E-03  234.273  8.02790E-06
   84  5.31440E-03  1.11070E-03  237.747  7.12170E-06
   85  4.42680E-03  9.25210E-04  241.343  6.27690E-06
   86  3.64780E-03  7.62390E-04  245.169  5.49070E-06
   87  2.96970E-03  6.20670E-04  249.383  4.76050E-06
   88  2.38480E-03  4.98420E-04  253.968  4.08680E-06
   89  1.88550E-03  3.94070E-04  258.761  3.47250E-06
   90  1.46430E-03  3.06030E-04  264.325  2.90960E-06
   91  1.11390E-03  2.32790E-04  269.375  2.40440E-06
   92  8.26910E-04  1.72820E-04  270.524  1.95100E-06
   93  5.96370E-04  1.24640E-04  267.147  1.54710E-06
   94  4.15280E-04  8.67930E-05  260.597  1.20330E-06
   95  2.76900E-04  5.78710E-05  252.236  9.05580E-07
   96  1.74800E-04  3.65340E-05  243.066  6.54260E-07
   97  1.02710E-04  2.14670E-05  232.694  4.50340E-07
   98  5.47150E-05  1.14350E-05  221.294  2.88600E-07
   99  2.53190E-05  5.29170E-06  209.983  1.67250E-07
  100  9.36810E-06  1.92790E-06  198.086  8.19560E-08
