    1  1.07120E+00  1.07120E-14  292.064  1.02630E-17
    2  1.04270E+00  1.04270E-14  290.543  1.01230E-17
    3  1.01460E+00  1.01460E-14  289.018  9.98600E-18
    4  9.86870E-01  9.86860E-15  287.488  9.84250E-18
    5  9.59550E-01  9.59550E-15  285.950  9.69550E-18
    6  9.32640E-01  9.32630E-15  284.403  9.55520E-18
    7  9.06120E-01  9.06120E-15  282.846  9.40840E-18
    8  8.80020E-01  8.80020E-15  281.277  9.26100E-18
    9  8.54320E-01  8.54320E-15  279.695  9.11610E-18
   10  8.29030E-01  8.29030E-15  278.101  8.96560E-18
   11  8.04150E-01  8.04150E-15  276.494  8.82160E-18
   12  7.79690E-01  7.79690E-15  274.873  8.67310E-18
   13  7.55630E-01  7.55640E-15  273.239  8.52310E-18
   14  7.31990E-01  7.31990E-15  271.591  8.37540E-18
   15  7.08770E-01  7.08770E-15  269.928  8.22650E-18
   16  6.85960E-01  6.85970E-15  268.253  8.07740E-18
   17  6.63570E-01  6.63580E-15  266.563  7.92690E-18
   18  6.41600E-01  6.41600E-15  264.859  7.77890E-18
   19  6.20050E-01  6.20050E-15  263.141  7.62650E-18
   20  5.98910E-01  5.98910E-15  261.408  7.47990E-18
   21  5.78190E-01  5.78190E-15  259.659  7.32940E-18
   22  5.57890E-01  5.57890E-15  257.896  7.18110E-18
   23  5.38010E-01  5.38010E-15  256.120  7.02930E-18
   24  5.18550E-01  5.18550E-15  254.330  6.88260E-18
   25  4.99500E-01  4.99500E-15  252.523  6.73490E-18
   26  4.80860E-01  4.80870E-15  250.699  6.58460E-18
   27  4.62650E-01  4.62650E-15  248.857  6.43650E-18
   28  4.44840E-01  4.44840E-15  246.997  6.29020E-18
   29  4.27450E-01  4.27450E-15  245.124  6.14370E-18
   30  4.10480E-01  4.10600E-15  243.242  5.99860E-18
   31  3.93910E-01  3.94720E-15  241.352  5.86150E-18
   32  3.77750E-01  3.79640E-15  239.446  5.73450E-18
   33  3.61990E-01  3.64890E-15  237.504  5.60350E-18
   34  3.46640E-01  3.51760E-15  235.517  5.49880E-18
   35  3.31700E-01  3.40360E-15  233.502  5.41220E-18
   36  3.17150E-01  3.29320E-15  231.510  5.33070E-18
   37  3.03000E-01  3.21540E-15  229.587  5.29420E-18
   38  2.89240E-01  3.18970E-15  227.708  5.34500E-18
   39  2.75880E-01  3.18120E-15  225.739  5.42850E-18
   40  2.62910E-01  3.24650E-15  223.522  5.64440E-18
   41  2.50320E-01  3.49610E-15  221.081  6.20510E-18
   42  2.38110E-01  3.83310E-15  218.787  6.93920E-18
   43  2.26290E-01  4.20640E-15  217.153  7.74680E-18
   44  2.14840E-01  4.76620E-15  216.439  8.95850E-18
   45  2.03760E-01  5.41990E-15  216.427  1.03880E-17
   46  1.93050E-01  6.13480E-15  216.643  1.19810E-17
   47  1.82700E-01  7.13030E-15  216.767  1.42020E-17
   48  1.72710E-01  8.24260E-15  216.753  1.67570E-17
   49  1.63080E-01  9.55660E-15  216.704  1.98420E-17
   50  1.53800E-01  1.12800E-14  216.685  2.39280E-17
   51  1.44860E-01  1.30430E-14  216.692  2.82700E-17
   52  1.36270E-01  1.54320E-14  216.701  3.41830E-17
   53  1.28010E-01  1.84070E-14  216.703  4.16980E-17
   54  1.20080E-01  2.17140E-14  216.701  5.03050E-17
   55  1.12480E-01  2.60040E-14  216.699  6.16770E-17
   56  1.05190E-01  3.06810E-14  216.699  7.44610E-17
   57  9.82240E-02  3.71250E-14  216.701  9.23020E-17
   58  9.15650E-02  4.48300E-14  216.702  1.14230E-16
   59  8.52090E-02  5.51800E-14  216.696  1.44110E-16
   60  7.91490E-02  6.82700E-14  216.692  1.82910E-16
   61  7.33810E-02  8.68810E-14  216.708  2.38860E-16
   62  6.78970E-02  1.11620E-13  216.721  3.15070E-16
   63  6.26920E-02  1.53450E-13  216.674  4.45170E-16
   64  5.77590E-02  2.13250E-13  216.643  6.36130E-16
   65  5.30910E-02  2.81040E-13  216.846  8.62200E-16
   66  4.86810E-02  3.49980E-13  217.322  1.10550E-15
   67  4.45230E-02  3.96960E-13  217.902  1.29140E-15
   68  4.06100E-02  4.30960E-13  218.493  1.44560E-15
   69  3.69350E-02  4.78840E-13  219.103  1.65710E-15
   70  3.34910E-02  5.50330E-13  219.735  1.96680E-15
   71  3.02700E-02  6.52810E-13  220.392  2.41160E-15
   72  2.72650E-02  8.33690E-13  221.078  3.18650E-15
   73  2.44680E-02  1.05240E-12  221.755  4.16640E-15
   74  2.18740E-02  1.22990E-12  222.419  5.04920E-15
   75  1.94720E-02  1.36340E-12  223.141  5.81160E-15
   76  1.72580E-02  1.52920E-12  223.983  6.77260E-15
   77  1.52210E-02  1.78440E-12  224.917  8.22180E-15
   78  1.33550E-02  2.03110E-12  225.808  9.75470E-15
   79  1.16530E-02  2.27310E-12  226.541  1.14080E-14
   80  1.01060E-02  2.54120E-12  227.333  1.33650E-14
   81  8.70620E-03  2.74440E-12  228.733  1.51170E-14
   82  7.44630E-03  2.85860E-12  231.109  1.65100E-14
   83  6.31830E-03  2.89530E-12  234.273  1.76010E-14
   84  5.31440E-03  2.79290E-12  237.747  1.79080E-14
   85  4.42680E-03  2.56730E-12  241.343  1.74180E-14
   86  3.64780E-03  2.20070E-12  245.169  1.58490E-14
   87  2.96970E-03  1.73200E-12  249.383  1.32840E-14
   88  2.38480E-03  1.22120E-12  253.968  1.00130E-14
   89  1.88550E-03  7.36140E-13  258.761  6.48680E-15
   90  1.46430E-03  3.91440E-13  264.325  3.72170E-15
   91  1.11390E-03  1.94790E-13  269.375  2.01190E-15
   92  8.26910E-04  9.86610E-14  270.524  1.11380E-15
   93  5.96370E-04  5.50010E-14  267.147  6.82710E-16
   94  4.15280E-04  3.27410E-14  260.597  4.53930E-16
   95  2.76900E-04  1.89190E-14  252.236  2.96050E-16
   96  1.74800E-04  1.06370E-14  243.066  1.90480E-16
   97  1.02710E-04  5.70570E-15  232.694  1.19700E-16
   98  5.47150E-05  2.80300E-15  221.294  7.07410E-17
   99  2.53190E-05  1.21060E-15  209.983  3.82640E-17
  100  9.36810E-06  4.20850E-16  198.086  1.78910E-17
