    1  1.07120E+00  6.19160E-11  292.064  5.93210E-14
    2  1.04270E+00  6.02680E-11  290.543  5.85110E-14
    3  1.01460E+00  5.86430E-11  289.018  5.77190E-14
    4  9.86870E-01  5.70410E-11  287.488  5.68900E-14
    5  9.59550E-01  5.54620E-11  285.950  5.60400E-14
    6  9.32640E-01  5.39060E-11  284.403  5.52290E-14
    7  9.06120E-01  5.23740E-11  282.846  5.43800E-14
    8  8.80020E-01  5.08650E-11  281.277  5.35280E-14
    9  8.54320E-01  4.93800E-11  279.695  5.26910E-14
   10  8.29030E-01  4.79180E-11  278.101  5.18210E-14
   11  8.04150E-01  4.64800E-11  276.494  5.09890E-14
   12  7.79690E-01  4.50660E-11  274.873  5.01300E-14
   13  7.55630E-01  4.36760E-11  273.239  4.92630E-14
   14  7.31990E-01  4.23090E-11  271.591  4.84100E-14
   15  7.08770E-01  4.09670E-11  269.928  4.75490E-14
   16  6.85960E-01  3.96490E-11  268.253  4.66870E-14
   17  6.63570E-01  3.83550E-11  266.563  4.58180E-14
   18  6.41600E-01  3.70850E-11  264.860  4.49620E-14
   19  6.20050E-01  3.58390E-11  263.141  4.40810E-14
   20  5.98910E-01  3.46170E-11  261.408  4.32340E-14
   21  5.78190E-01  3.34200E-11  259.659  4.23640E-14
   22  5.57890E-01  3.22460E-11  257.896  4.15070E-14
   23  5.38010E-01  3.10970E-11  256.120  4.06290E-14
   24  5.18550E-01  2.99720E-11  254.330  3.97810E-14
   25  4.99500E-01  2.88710E-11  252.523  3.89280E-14
   26  4.80860E-01  2.77940E-11  250.699  3.80590E-14
   27  4.62650E-01  2.67410E-11  248.857  3.72030E-14
   28  4.44840E-01  2.57120E-11  246.997  3.63570E-14
   29  4.27450E-01  2.47070E-11  245.124  3.55100E-14
   30  4.10480E-01  2.37250E-11  243.242  3.46610E-14
   31  3.93910E-01  2.27680E-11  241.352  3.38090E-14
   32  3.77750E-01  2.18340E-11  239.446  3.29800E-14
   33  3.61990E-01  2.09230E-11  237.504  3.21310E-14
   34  3.46640E-01  2.00360E-11  235.517  3.13210E-14
   35  3.31700E-01  1.91720E-11  233.502  3.04860E-14
   36  3.17150E-01  1.83310E-11  231.510  2.96730E-14
   37  3.03000E-01  1.75130E-11  229.587  2.88360E-14
   38  2.89240E-01  1.67180E-11  227.708  2.80150E-14
   39  2.75880E-01  1.59460E-11  225.739  2.72100E-14
   40  2.62910E-01  1.52090E-11  223.522  2.64430E-14
   41  2.50320E-01  1.45250E-11  221.081  2.57800E-14
   42  2.38110E-01  1.38780E-11  218.787  2.51250E-14
   43  2.26290E-01  1.32580E-11  217.153  2.44160E-14
   44  2.14840E-01  1.26810E-11  216.439  2.38350E-14
   45  2.03760E-01  1.21370E-11  216.426  2.32630E-14
   46  1.93050E-01  1.15840E-11  216.643  2.26230E-14
   47  1.82700E-01  1.09880E-11  216.767  2.18860E-14
   48  1.72710E-01  1.03750E-11  216.753  2.10910E-14
   49  1.63080E-01  9.75410E-12  216.704  2.02520E-14
   50  1.53800E-01  9.10680E-12  216.685  1.93180E-14
   51  1.44860E-01  8.46720E-12  216.692  1.83530E-14
   52  1.36270E-01  7.87340E-12  216.701  1.74400E-14
   53  1.28010E-01  7.32370E-12  216.703  1.65900E-14
   54  1.20080E-01  6.81430E-12  216.701  1.57860E-14
   55  1.12480E-01  6.35740E-12  216.699  1.50780E-14
   56  1.05190E-01  5.93770E-12  216.699  1.44110E-14
   57  9.82240E-02  5.54960E-12  216.701  1.37980E-14
   58  9.15650E-02  5.18980E-12  216.702  1.32240E-14
   59  8.52090E-02  4.84850E-12  216.696  1.26620E-14
   60  7.91490E-02  4.52540E-12  216.692  1.21240E-14
   61  7.33810E-02  4.21940E-12  216.708  1.16000E-14
   62  6.78970E-02  3.93010E-12  216.721  1.10940E-14
   63  6.26920E-02  3.65320E-12  216.674  1.05980E-14
   64  5.77590E-02  3.38730E-12  216.643  1.01040E-14
   65  5.30910E-02  3.13110E-12  216.846  9.60590E-15
   66  4.86810E-02  2.88500E-12  217.322  9.11290E-15
   67  4.45230E-02  2.65000E-12  217.902  8.62110E-15
   68  4.06100E-02  2.42670E-12  218.493  8.14000E-15
   69  3.69350E-02  2.21620E-12  219.103  7.66930E-15
   70  3.34910E-02  2.01800E-12  219.735  7.21190E-15
   71  3.02700E-02  1.83120E-12  220.392  6.76500E-15
   72  2.72650E-02  1.65350E-12  221.078  6.32010E-15
   73  2.44680E-02  1.48050E-12  221.755  5.86130E-15
   74  2.18740E-02  1.31410E-12  222.419  5.39500E-15
   75  1.94720E-02  1.15970E-12  223.141  4.94340E-15
   76  1.72580E-02  1.01730E-12  223.983  4.50530E-15
   77  1.52210E-02  8.85230E-13  224.917  4.07880E-15
   78  1.33550E-02  7.64660E-13  225.808  3.67230E-15
   79  1.16530E-02  6.63080E-13  226.541  3.32790E-15
   80  1.01060E-02  5.81680E-13  227.333  3.05920E-15
   81  8.70620E-03  5.10810E-13  228.733  2.81370E-15
   82  7.44630E-03  4.41760E-13  231.109  2.55140E-15
   83  6.31830E-03  3.75310E-13  234.273  2.28160E-15
   84  5.31440E-03  3.15680E-13  237.747  2.02410E-15
   85  4.42680E-03  2.62950E-13  241.343  1.78400E-15
   86  3.64780E-03  2.16680E-13  245.169  1.56050E-15
   87  2.96970E-03  1.76400E-13  249.383  1.35300E-15
   88  2.38480E-03  1.41660E-13  253.968  1.16150E-15
   89  1.88550E-03  1.12000E-13  258.761  9.86920E-16
   90  1.46430E-03  8.69770E-14  264.325  8.26940E-16
   91  1.11390E-03  6.61630E-14  269.375  6.83370E-16
   92  8.26910E-04  4.91190E-14  270.524  5.54490E-16
   93  5.96370E-04  3.54240E-14  267.147  4.39710E-16
   94  4.15280E-04  2.46670E-14  260.597  3.42000E-16
   95  2.76900E-04  1.64480E-14  252.236  2.57380E-16
   96  1.74800E-04  1.03830E-14  243.066  1.85950E-16
   97  1.02710E-04  6.10110E-15  232.694  1.27990E-16
   98  5.47150E-05  3.25010E-15  221.294  8.20230E-17
   99  2.53190E-05  1.18910E-15  209.983  3.75830E-17
  100  9.36810E-06  1.69510E-16  198.086  7.20570E-18
