    1  1.07120E+00  3.39330E-09  292.064  3.25110E-12
    2  1.04270E+00  2.99030E-09  290.543  2.90310E-12
    3  1.01460E+00  2.60130E-09  289.018  2.56030E-12
    4  9.86870E-01  2.22630E-09  287.488  2.22040E-12
    5  9.59550E-01  1.86520E-09  285.950  1.88460E-12
    6  9.32640E-01  1.51790E-09  284.403  1.55510E-12
    7  9.06120E-01  1.18420E-09  282.846  1.22950E-12
    8  8.80020E-01  9.20650E-10  281.277  9.68850E-13
    9  8.54320E-01  7.39940E-10  279.695  7.89560E-13
   10  8.29030E-01  5.82840E-10  278.101  6.30320E-13
   11  8.04150E-01  4.32380E-10  276.494  4.74330E-13
   12  7.79690E-01  3.22620E-10  274.873  3.58880E-13
   13  7.55630E-01  2.65220E-10  273.239  2.99150E-13
   14  7.31990E-01  2.24130E-10  271.591  2.56440E-13
   15  7.08770E-01  1.84800E-10  269.928  2.14500E-13
   16  6.85960E-01  1.53570E-10  268.253  1.80830E-13
   17  6.63570E-01  1.31790E-10  266.563  1.57430E-13
   18  6.41600E-01  1.12810E-10  264.859  1.36770E-13
   19  6.20050E-01  9.46820E-11  263.141  1.16460E-13
   20  5.98910E-01  8.11190E-11  261.408  1.01310E-13
   21  5.78190E-01  7.19720E-11  259.659  9.12350E-14
   22  5.57890E-01  6.33900E-11  257.896  8.15950E-14
   23  5.38010E-01  5.55020E-11  256.120  7.25150E-14
   24  5.18550E-01  4.90770E-11  254.330  6.51380E-14
   25  4.99500E-01  4.37310E-11  252.523  5.89650E-14
   26  4.80860E-01  3.86360E-11  250.699  5.29050E-14
   27  4.62650E-01  3.43320E-11  248.857  4.77640E-14
   28  4.44840E-01  3.10080E-11  246.997  4.38450E-14
   29  4.27450E-01  2.80730E-11  245.124  4.03490E-14
   30  4.10480E-01  2.53290E-11  243.242  3.70040E-14
   31  3.93910E-01  2.29520E-11  241.352  3.40820E-14
   32  3.77750E-01  2.08660E-11  239.446  3.15190E-14
   33  3.61990E-01  1.88810E-11  237.504  2.89960E-14
   34  3.46640E-01  1.71110E-11  235.517  2.67480E-14
   35  3.31700E-01  1.55620E-11  233.502  2.47470E-14
   36  3.17150E-01  1.41120E-11  231.510  2.28420E-14
   37  3.03000E-01  1.27940E-11  229.587  2.10650E-14
   38  2.89240E-01  1.16430E-11  227.708  1.95100E-14
   39  2.75880E-01  1.05930E-11  225.739  1.80760E-14
   40  2.62910E-01  9.66400E-12  223.522  1.68020E-14
   41  2.50320E-01  8.94500E-12  221.081  1.58760E-14
   42  2.38110E-01  8.35510E-12  218.787  1.51260E-14
   43  2.26290E-01  7.80970E-12  217.153  1.43830E-14
   44  2.14840E-01  7.34610E-12  216.439  1.38070E-14
   45  2.03760E-01  6.93980E-12  216.427  1.33010E-14
   46  1.93050E-01  6.56590E-12  216.643  1.28230E-14
   47  1.82700E-01  6.25330E-12  216.767  1.24560E-14
   48  1.72710E-01  5.97950E-12  216.753  1.21560E-14
   49  1.63080E-01  5.71320E-12  216.704  1.18620E-14
   50  1.53800E-01  5.45560E-12  216.685  1.15730E-14
   51  1.44860E-01  5.20480E-12  216.692  1.12820E-14
   52  1.36270E-01  4.93030E-12  216.701  1.09210E-14
   53  1.28010E-01  4.63380E-12  216.703  1.04970E-14
   54  1.20080E-01  4.34260E-12  216.701  1.00600E-14
   55  1.12480E-01  4.05430E-12  216.699  9.61580E-15
   56  1.05190E-01  3.77320E-12  216.699  9.15740E-15
   57  9.82240E-02  3.49690E-12  216.701  8.69410E-15
   58  9.15650E-02  3.22700E-12  216.702  8.22230E-15
   59  8.52090E-02  2.97170E-12  216.696  7.76090E-15
   60  7.91490E-02  2.73060E-12  216.692  7.31570E-15
   61  7.33810E-02  2.50970E-12  216.708  6.89990E-15
   62  6.78970E-02  2.30980E-12  216.721  6.52000E-15
   63  6.26920E-02  2.13120E-12  216.674  6.18270E-15
   64  5.77590E-02  1.97270E-12  216.643  5.88450E-15
   65  5.30910E-02  1.84950E-12  216.846  5.67400E-15
   66  4.86810E-02  1.75870E-12  217.322  5.55530E-15
   67  4.45230E-02  1.68530E-12  217.902  5.48250E-15
   68  4.06100E-02  1.62590E-12  218.493  5.45370E-15
   69  3.69350E-02  1.57580E-12  219.103  5.45340E-15
   70  3.34910E-02  1.53550E-12  219.735  5.48760E-15
   71  3.02700E-02  1.50050E-12  220.392  5.54300E-15
   72  2.72650E-02  1.47750E-12  221.078  5.64740E-15
   73  2.44680E-02  1.44410E-12  221.755  5.71700E-15
   74  2.18740E-02  1.38450E-12  222.419  5.68380E-15
   75  1.94720E-02  1.31530E-12  223.141  5.60630E-15
   76  1.72580E-02  1.24380E-12  223.983  5.50830E-15
   77  1.52210E-02  1.17230E-12  224.917  5.40160E-15
   78  1.33550E-02  1.09920E-12  225.808  5.27920E-15
   79  1.16530E-02  1.02030E-12  226.541  5.12090E-15
   80  1.01060E-02  9.35730E-13  227.333  4.92120E-15
   81  8.70620E-03  8.50360E-13  228.733  4.68410E-15
   82  7.44630E-03  7.64920E-13  231.109  4.41780E-15
   83  6.31830E-03  6.80510E-13  234.273  4.13700E-15
   84  5.31440E-03  5.90480E-13  237.747  3.78610E-15
   85  4.42680E-03  4.96810E-13  241.343  3.37050E-15
   86  3.64780E-03  4.00920E-13  245.169  2.88740E-15
   87  2.96970E-03  3.06030E-13  249.383  2.34730E-15
   88  2.38480E-03  2.16940E-13  253.968  1.77880E-15
   89  1.88550E-03  1.35520E-13  258.761  1.19420E-15
   90  1.46430E-03  6.98650E-14  264.325  6.64250E-16
   91  1.11390E-03  2.63980E-14  269.375  2.72650E-16
   92  8.26910E-04  7.13390E-15  270.524  8.05330E-17
   93  5.96370E-04  2.23830E-15  267.147  2.77830E-17
   94  4.15280E-04  9.61930E-16  260.597  1.33370E-17
   95  2.76900E-04  3.91530E-16  252.236  6.12680E-18
   96  1.74800E-04  1.67030E-16  243.066  2.99120E-18
   97  1.02710E-04  7.32960E-17  232.694  1.53760E-18
   98  5.47150E-05  2.99120E-17  221.294  7.54900E-19
   99  2.53190E-05  1.10490E-17  209.983  3.49220E-19
  100  9.36810E-06  3.34000E-18  198.086  1.41980E-19
