    1  1.07120E+00  5.35600E-10  292.064  5.13160E-13
    2  1.04270E+00  5.21350E-10  290.543  5.06150E-13
    3  1.01460E+00  5.07290E-10  289.018  4.99300E-13
    4  9.86870E-01  4.93430E-10  287.488  4.92130E-13
    5  9.59550E-01  4.79770E-10  285.950  4.84770E-13
    6  9.32640E-01  4.66320E-10  284.403  4.77760E-13
    7  9.06120E-01  4.53060E-10  282.846  4.70420E-13
    8  8.80020E-01  4.37010E-10  281.277  4.59890E-13
    9  8.54320E-01  4.17480E-10  279.695  4.45480E-13
   10  8.29030E-01  3.97610E-10  278.101  4.30000E-13
   11  8.04150E-01  3.78290E-10  276.494  4.14990E-13
   12  7.79690E-01  3.56470E-10  274.873  3.96530E-13
   13  7.55630E-01  3.31080E-10  273.239  3.73430E-13
   14  7.31990E-01  3.05340E-10  271.591  3.49370E-13
   15  7.08770E-01  2.80540E-10  269.928  3.25620E-13
   16  6.85960E-01  2.56220E-10  268.253  3.01700E-13
   17  6.63570E-01  2.32230E-10  266.563  2.77420E-13
   18  6.41600E-01  2.09090E-10  264.859  2.53500E-13
   19  6.20050E-01  1.86900E-10  263.141  2.29880E-13
   20  5.98910E-01  1.66440E-10  261.408  2.07870E-13
   21  5.78190E-01  1.47670E-10  259.659  1.87200E-13
   22  5.57890E-01  1.29770E-10  257.896  1.67040E-13
   23  5.38010E-01  1.13240E-10  256.120  1.47960E-13
   24  5.18550E-01  9.94890E-11  254.330  1.32050E-13
   25  4.99500E-01  8.78090E-11  252.523  1.18400E-13
   26  4.80860E-01  7.66850E-11  250.699  1.05010E-13
   27  4.62650E-01  6.66560E-11  248.857  9.27340E-14
   28  4.44840E-01  5.79050E-11  246.997  8.18780E-14
   29  4.27450E-01  4.98350E-11  245.124  7.16260E-14
   30  4.10480E-01  4.23730E-11  243.242  6.19040E-14
   31  3.93910E-01  3.61440E-11  241.352  5.36720E-14
   32  3.77750E-01  3.08860E-11  239.446  4.66530E-14
   33  3.61990E-01  2.59180E-11  237.504  3.98020E-14
   34  3.46640E-01  2.15740E-11  235.517  3.37250E-14
   35  3.31700E-01  1.78730E-11  233.502  2.84210E-14
   36  3.17150E-01  1.44540E-11  231.510  2.33960E-14
   37  3.03000E-01  1.15220E-11  229.587  1.89710E-14
   38  2.89240E-01  9.24420E-12  227.708  1.54900E-14
   39  2.75880E-01  7.30710E-12  225.739  1.24690E-14
   40  2.62910E-01  5.63570E-12  223.522  9.79820E-15
   41  2.50320E-01  4.41610E-12  221.081  7.83800E-15
   42  2.38110E-01  3.47800E-12  218.787  6.29640E-15
   43  2.26290E-01  2.66130E-12  217.153  4.90120E-15
   44  2.14840E-01  2.07880E-12  216.439  3.90730E-15
   45  2.03760E-01  1.65580E-12  216.427  3.17360E-15
   46  1.93050E-01  1.28010E-12  216.643  2.49990E-15
   47  1.82700E-01  9.78210E-13  216.767  1.94840E-15
   48  1.72710E-01  7.28170E-13  216.753  1.48040E-15
   49  1.63080E-01  5.17670E-13  216.704  1.07480E-15
   50  1.53800E-01  3.58150E-13  216.685  7.59730E-16
   51  1.44860E-01  2.26380E-13  216.692  4.90690E-16
   52  1.36270E-01  1.39270E-13  216.701  3.08500E-16
   53  1.28010E-01  9.43830E-14  216.703  2.13810E-16
   54  1.20080E-01  6.06290E-14  216.701  1.40460E-16
   55  1.12480E-01  4.00430E-14  216.699  9.49740E-17
   56  1.05190E-01  2.70780E-14  216.699  6.57190E-17
   57  9.82240E-02  1.82570E-14  216.701  4.53910E-17
   58  9.15650E-02  1.28730E-14  216.702  3.28000E-17
   59  8.52090E-02  8.98360E-15  216.696  2.34620E-17
   60  7.91490E-02  6.57440E-15  216.692  1.76140E-17
   61  7.33810E-02  4.77600E-15  216.708  1.31310E-17
   62  6.78970E-02  3.42970E-15  216.721  9.68140E-18
   63  6.26920E-02  2.43150E-15  216.674  7.05380E-18
   64  5.77590E-02  1.72050E-15  216.643  5.13210E-18
   65  5.30910E-02  1.26190E-15  216.846  3.87140E-18
   66  4.86810E-02  1.00050E-15  217.322  3.16020E-18
   67  4.45230E-02  8.28110E-16  217.902  2.69400E-18
   68  4.06100E-02  7.10060E-16  218.493  2.38180E-18
   69  3.69350E-02  6.11130E-16  219.103  2.11490E-18
   70  3.34910E-02  5.25020E-16  219.735  1.87630E-18
   71  3.02700E-02  4.44100E-16  220.392  1.64060E-18
   72  2.72650E-02  3.65550E-16  221.078  1.39720E-18
   73  2.44680E-02  2.97820E-16  221.755  1.17910E-18
   74  2.18740E-02  2.45560E-16  222.419  1.00810E-18
   75  1.94720E-02  2.01160E-16  223.141  8.57440E-19
   76  1.72580E-02  1.62060E-16  223.983  7.17710E-19
   77  1.52210E-02  1.27740E-16  224.917  5.88590E-19
   78  1.33550E-02  9.80580E-17  225.808  4.70930E-19
   79  1.16530E-02  7.34590E-17  226.541  3.68680E-19
   80  1.01060E-02  5.37470E-17  227.333  2.82670E-19
   81  8.70620E-03  3.76850E-17  228.733  2.07580E-19
   82  7.44630E-03  2.50360E-17  231.109  1.44600E-19
   83  6.31830E-03  1.53720E-17  234.273  9.34520E-20
   84  5.31440E-03  8.92340E-18  237.747  5.72150E-20
   85  4.42680E-03  5.10440E-18  241.343  3.46300E-20
   86  3.64780E-03  2.66500E-18  245.169  1.91930E-20
   87  2.96970E-03  1.21860E-18  249.383  9.34660E-21
   88  2.38480E-03  4.48660E-19  253.968  3.67870E-21
   89  1.88550E-03  1.59380E-19  258.761  1.40450E-21
   90  1.46430E-03  5.52570E-20  264.325  5.25360E-22
   91  1.11390E-03  1.88260E-20  269.375  1.94450E-22
   92  8.26910E-04  7.37570E-21  270.524  8.32630E-23
   93  5.96370E-04  3.64840E-21  267.147  4.52870E-23
   94  4.15280E-04  2.06600E-21  260.597  2.86440E-23
   95  2.76900E-04  1.13440E-21  252.236  1.77510E-23
   96  1.74800E-04  6.07830E-22  243.066  1.08850E-23
   97  1.02710E-04  3.10650E-22  232.694  6.51690E-24
   98  5.47150E-05  1.44560E-22  221.294  3.64820E-24
   99  2.53190E-05  5.88580E-23  209.983  1.86030E-24
  100  9.36810E-06  1.91330E-23  198.086  8.13370E-25
