    1  1.07120E+00  2.14240E-09  292.064  2.05260E-12
    2  1.04270E+00  2.08540E-09  290.543  2.02460E-12
    3  1.01460E+00  2.02920E-09  289.018  1.99720E-12
    4  9.86870E-01  1.97370E-09  287.488  1.96850E-12
    5  9.59550E-01  1.91910E-09  285.950  1.93910E-12
    6  9.32640E-01  1.86530E-09  284.403  1.91100E-12
    7  9.06120E-01  1.81220E-09  282.846  1.88170E-12
    8  8.80020E-01  1.76000E-09  281.277  1.85220E-12
    9  8.54320E-01  1.70860E-09  279.695  1.82320E-12
   10  8.29030E-01  1.65810E-09  278.101  1.79310E-12
   11  8.04150E-01  1.60830E-09  276.494  1.76430E-12
   12  7.79690E-01  1.55940E-09  274.873  1.73460E-12
   13  7.55630E-01  1.51130E-09  273.239  1.70460E-12
   14  7.31990E-01  1.46400E-09  271.591  1.67510E-12
   15  7.08770E-01  1.41750E-09  269.928  1.64530E-12
   16  6.85960E-01  1.37060E-09  268.253  1.61390E-12
   17  6.63570E-01  1.32280E-09  266.563  1.58020E-12
   18  6.41600E-01  1.27570E-09  264.859  1.54660E-12
   19  6.20050E-01  1.22950E-09  263.141  1.51230E-12
   20  5.98910E-01  1.18360E-09  261.408  1.47830E-12
   21  5.78190E-01  1.13810E-09  259.659  1.44270E-12
   22  5.57890E-01  1.09360E-09  257.896  1.40760E-12
   23  5.38010E-01  1.04980E-09  256.120  1.37160E-12
   24  5.18550E-01  1.00570E-09  254.330  1.33490E-12
   25  4.99500E-01  9.61870E-10  252.523  1.29690E-12
   26  4.80860E-01  9.19230E-10  250.699  1.25870E-12
   27  4.62650E-01  8.77850E-10  248.857  1.22130E-12
   28  4.44840E-01  8.37740E-10  246.997  1.18460E-12
   29  4.27450E-01  7.98840E-10  245.124  1.14820E-12
   30  4.10480E-01  7.61000E-10  243.242  1.11180E-12
   31  3.93910E-01  7.23830E-10  241.352  1.07490E-12
   32  3.77750E-01  6.87470E-10  239.446  1.03840E-12
   33  3.61990E-01  6.52310E-10  237.504  1.00170E-12
   34  3.46640E-01  6.17960E-10  235.517  9.66010E-13
   35  3.31700E-01  5.84380E-10  233.502  9.29260E-13
   36  3.17150E-01  5.51950E-10  231.510  8.93440E-13
   37  3.03000E-01  5.18910E-10  229.587  8.54380E-13
   38  2.89240E-01  4.84140E-10  227.708  8.11270E-13
   39  2.75880E-01  4.49630E-10  225.739  7.67240E-13
   40  2.62910E-01  4.14490E-10  223.522  7.20640E-13
   41  2.50320E-01  3.75680E-10  221.081  6.66790E-13
   42  2.38110E-01  3.35840E-10  218.787  6.07980E-13
   43  2.26290E-01  2.97980E-10  217.153  5.48780E-13
   44  2.14840E-01  2.61340E-10  216.439  4.91210E-13
   45  2.03760E-01  2.26310E-10  216.427  4.33760E-13
   46  1.93050E-01  1.94160E-10  216.643  3.79180E-13
   47  1.82700E-01  1.65800E-10  216.767  3.30240E-13
   48  1.72710E-01  1.40420E-10  216.753  2.85460E-13
   49  1.63080E-01  1.17490E-10  216.704  2.43950E-13
   50  1.53800E-01  9.73580E-11  216.685  2.06520E-13
   51  1.44860E-01  7.92250E-11  216.692  1.71730E-13
   52  1.36270E-01  6.41250E-11  216.701  1.42040E-13
   53  1.28010E-01  5.19070E-11  216.703  1.17590E-13
   54  1.20080E-01  4.12450E-11  216.701  9.55490E-14
   55  1.12480E-01  3.24330E-11  216.699  7.69230E-14
   56  1.05190E-01  2.49940E-11  216.699  6.06600E-14
   57  9.82240E-02  1.94310E-11  216.701  4.83110E-14
   58  9.15650E-02  1.54450E-11  216.702  3.93550E-14
   59  8.52090E-02  1.21770E-11  216.696  3.18010E-14
   60  7.91490E-02  9.61170E-12  216.692  2.57510E-14
   61  7.33810E-02  7.59390E-12  216.708  2.08780E-14
   62  6.78970E-02  6.08770E-12  216.721  1.71840E-14
   63  6.26920E-02  4.87920E-12  216.674  1.41550E-14
   64  5.77590E-02  3.88190E-12  216.643  1.15800E-14
   65  5.30910E-02  3.07120E-12  216.846  9.42200E-15
   66  4.86810E-02  2.41620E-12  217.322  7.63210E-15
   67  4.45230E-02  1.87830E-12  217.902  6.11050E-15
   68  4.06100E-02  1.44690E-12  218.493  4.85320E-15
   69  3.69350E-02  1.10710E-12  219.103  3.83130E-15
   70  3.34910E-02  8.41000E-13  219.735  3.00560E-15
   71  3.02700E-02  6.17400E-13  220.392  2.28080E-15
   72  2.72650E-02  4.28950E-13  221.078  1.63950E-15
   73  2.44680E-02  2.96100E-13  221.755  1.17220E-15
   74  2.18740E-02  2.15080E-13  222.419  8.82990E-16
   75  1.94720E-02  1.53000E-13  223.141  6.52170E-16
   76  1.72580E-02  1.03890E-13  223.983  4.60110E-16
   77  1.52210E-02  6.96330E-14  224.917  3.20840E-16
   78  1.33550E-02  4.43760E-14  225.808  2.13120E-16
   79  1.16530E-02  2.65510E-14  226.541  1.33260E-16
   80  1.01060E-02  1.65860E-14  227.333  8.72280E-17
   81  8.70620E-03  1.01210E-14  228.733  5.57520E-17
   82  7.44630E-03  5.78020E-15  231.109  3.33840E-17
   83  6.31830E-03  3.21650E-15  234.273  1.95540E-17
   84  5.31440E-03  1.65720E-15  237.747  1.06260E-17
   85  4.42680E-03  8.33940E-16  241.343  5.65780E-18
   86  3.64780E-03  3.98460E-16  245.169  2.86970E-18
   87  2.96970E-03  2.02490E-16  249.383  1.55310E-18
   88  2.38480E-03  9.02060E-17  253.968  7.39640E-19
   89  1.88550E-03  3.97740E-17  258.761  3.50490E-19
   90  1.46430E-03  1.75890E-17  264.325  1.67230E-19
   91  1.11390E-03  8.21600E-18  269.375  8.48600E-20
   92  8.26910E-04  4.36540E-18  270.524  4.92810E-20
   93  5.96370E-04  2.58060E-18  267.147  3.20330E-20
   94  4.15280E-04  1.60080E-18  260.597  2.21940E-20
   95  2.76900E-04  9.62330E-19  252.236  1.50590E-20
   96  1.74800E-04  5.58810E-19  243.066  1.00070E-20
   97  1.02710E-04  3.07350E-19  232.694  6.44760E-21
   98  5.47150E-05  1.54420E-19  221.294  3.89710E-21
   99  2.53190E-05  6.79470E-20  209.983  2.14760E-21
  100  9.36810E-06  2.40340E-20  198.086  1.02170E-21
