    1  1.07120E+00  3.42780E-07  292.064  3.28420E-10
    2  1.04270E+00  3.33660E-07  290.543  3.23930E-10
    3  1.01460E+00  3.24670E-07  289.018  3.19550E-10
    4  9.86870E-01  3.15800E-07  287.488  3.14960E-10
    5  9.59550E-01  3.07060E-07  285.950  3.10260E-10
    6  9.32640E-01  2.98440E-07  284.403  3.05770E-10
    7  9.06120E-01  2.89960E-07  282.846  3.01070E-10
    8  8.80020E-01  2.81610E-07  281.277  2.96350E-10
    9  8.54320E-01  2.73380E-07  279.695  2.91720E-10
   10  8.29030E-01  2.65290E-07  278.101  2.86900E-10
   11  8.04150E-01  2.57330E-07  276.494  2.82290E-10
   12  7.79690E-01  2.49500E-07  274.873  2.77540E-10
   13  7.55630E-01  2.41800E-07  273.239  2.72740E-10
   14  7.31990E-01  2.34240E-07  271.591  2.68010E-10
   15  7.08770E-01  2.26810E-07  269.928  2.63250E-10
   16  6.85960E-01  2.19510E-07  268.253  2.58480E-10
   17  6.63570E-01  2.12340E-07  266.563  2.53660E-10
   18  6.41600E-01  2.05310E-07  264.859  2.48920E-10
   19  6.20050E-01  1.98420E-07  263.141  2.44050E-10
   20  5.98910E-01  1.91650E-07  261.408  2.39360E-10
   21  5.78190E-01  1.85020E-07  259.659  2.34540E-10
   22  5.57890E-01  1.78530E-07  257.896  2.29790E-10
   23  5.38010E-01  1.72160E-07  256.120  2.24940E-10
   24  5.18550E-01  1.65930E-07  254.330  2.20240E-10
   25  4.99500E-01  1.59840E-07  252.523  2.15520E-10
   26  4.80860E-01  1.53880E-07  250.699  2.10710E-10
   27  4.62650E-01  1.48050E-07  248.857  2.05970E-10
   28  4.44840E-01  1.42350E-07  246.997  2.01290E-10
   29  4.27450E-01  1.36790E-07  245.124  1.96600E-10
   30  4.10480E-01  1.31350E-07  243.242  1.91900E-10
   31  3.93910E-01  1.26050E-07  241.352  1.87180E-10
   32  3.77750E-01  1.20880E-07  239.446  1.82590E-10
   33  3.61990E-01  1.15840E-07  237.504  1.77890E-10
   34  3.46640E-01  1.10900E-07  235.517  1.73370E-10
   35  3.31700E-01  1.06080E-07  233.502  1.68680E-10
   36  3.17150E-01  1.01380E-07  231.510  1.64100E-10
   37  3.03000E-01  9.67760E-08  229.587  1.59340E-10
   38  2.89240E-01  9.22610E-08  227.708  1.54600E-10
   39  2.75880E-01  8.78600E-08  225.739  1.49920E-10
   40  2.62910E-01  8.35570E-08  223.522  1.45270E-10
   41  2.50320E-01  7.93010E-08  221.081  1.40750E-10
   42  2.38110E-01  7.51340E-08  218.787  1.36020E-10
   43  2.26290E-01  7.11060E-08  217.153  1.30960E-10
   44  2.14840E-01  6.72020E-08  216.439  1.26310E-10
   45  2.03760E-01  6.34280E-08  216.427  1.21570E-10
   46  1.93050E-01  5.97920E-08  216.643  1.16770E-10
   47  1.82700E-01  5.62900E-08  216.767  1.12120E-10
   48  1.72710E-01  5.29230E-08  216.753  1.07590E-10
   49  1.63080E-01  4.96880E-08  216.704  1.03170E-10
   50  1.53800E-01  4.65810E-08  216.685  9.88110E-11
   51  1.44860E-01  4.36040E-08  216.692  9.45140E-11
   52  1.36270E-01  4.07420E-08  216.701  9.02440E-11
   53  1.28010E-01  3.79930E-08  216.703  8.60670E-11
   54  1.20080E-01  3.53590E-08  216.701  8.19140E-11
   55  1.12480E-01  3.28220E-08  216.699  7.78470E-11
   56  1.05190E-01  3.03920E-08  216.699  7.37610E-11
   57  9.82240E-02  2.80290E-08  216.701  6.96880E-11
   58  9.15650E-02  2.57430E-08  216.702  6.55940E-11
   59  8.52090E-02  2.35590E-08  216.696  6.15270E-11
   60  7.91490E-02  2.14720E-08  216.692  5.75270E-11
   61  7.33810E-02  1.94690E-08  216.708  5.35270E-11
   62  6.78970E-02  1.75450E-08  216.721  4.95260E-11
   63  6.26920E-02  1.57200E-08  216.674  4.56030E-11
   64  5.77590E-02  1.40010E-08  216.643  4.17650E-11
   65  5.30910E-02  1.23960E-08  216.846  3.80290E-11
   66  4.86810E-02  1.09080E-08  217.322  3.44550E-11
   67  4.45230E-02  9.57720E-09  217.902  3.11570E-11
   68  4.06100E-02  8.41540E-09  218.493  2.82280E-11
   69  3.69350E-02  7.41930E-09  219.103  2.56750E-11
   70  3.34910E-02  6.54300E-09  219.735  2.33840E-11
   71  3.02700E-02  5.72790E-09  220.392  2.11600E-11
   72  2.72650E-02  4.95880E-09  221.078  1.89530E-11
   73  2.44680E-02  4.27840E-09  221.755  1.69380E-11
   74  2.18740E-02  3.70630E-09  222.419  1.52160E-11
   75  1.94720E-02  3.19950E-09  223.141  1.36380E-11
   76  1.72580E-02  2.74270E-09  223.983  1.21470E-11
   77  1.52210E-02  2.33240E-09  224.917  1.07470E-11
   78  1.33550E-02  1.96660E-09  225.808  9.44480E-12
   79  1.16530E-02  1.63520E-09  226.541  8.20700E-12
   80  1.01060E-02  1.33300E-09  227.333  7.01050E-12
   81  8.70620E-03  1.06730E-09  228.733  5.87940E-12
   82  7.44630E-03  8.35640E-10  231.109  4.82620E-12
   83  6.31830E-03  6.35470E-10  234.273  3.86330E-12
   84  5.31440E-03  4.65680E-10  237.747  2.98590E-12
   85  4.42680E-03  3.24950E-10  241.343  2.20460E-12
   86  3.64780E-03  2.19560E-10  245.169  1.58120E-12
   87  2.96970E-03  1.43180E-10  249.383  1.09820E-12
   88  2.38480E-03  8.61140E-11  253.968  7.06090E-13
   89  1.88550E-03  4.77040E-11  258.761  4.20360E-13
   90  1.46430E-03  2.46730E-11  264.325  2.34580E-13
   91  1.11390E-03  1.16930E-11  269.375  1.20780E-13
   92  8.26910E-04  5.10150E-12  270.524  5.75900E-14
   93  5.96370E-04  2.38000E-12  267.147  2.95420E-14
   94  4.15280E-04  1.29570E-12  260.597  1.79640E-14
   95  2.76900E-04  6.70990E-13  252.236  1.05000E-14
   96  1.74800E-04  3.33860E-13  243.066  5.97880E-15
   97  1.02710E-04  1.57040E-13  232.694  3.29430E-15
   98  5.47150E-05  6.60480E-14  221.294  1.66690E-15
   99  2.53190E-05  2.37920E-14  209.983  7.51990E-16
  100  9.36810E-06  6.68650E-15  198.086  2.84250E-16
