    1  1.07120E+00  2.46380E-11  292.064  2.36050E-14
    2  1.04270E+00  2.39820E-11  290.543  2.32830E-14
    3  1.01460E+00  2.33350E-11  289.018  2.29680E-14
    4  9.86870E-01  2.26980E-11  287.488  2.26380E-14
    5  9.59550E-01  2.20700E-11  285.950  2.23000E-14
    6  9.32640E-01  2.14510E-11  284.403  2.19770E-14
    7  9.06120E-01  2.08410E-11  282.846  2.16390E-14
    8  8.80020E-01  2.02400E-11  281.277  2.13000E-14
    9  8.54320E-01  1.96490E-11  279.695  2.09670E-14
   10  8.29030E-01  1.90680E-11  278.101  2.06210E-14
   11  8.04150E-01  1.84950E-11  276.494  2.02900E-14
   12  7.79690E-01  1.79330E-11  274.873  1.99480E-14
   13  7.55630E-01  1.73800E-11  273.239  1.96030E-14
   14  7.31990E-01  1.68360E-11  271.591  1.92630E-14
   15  7.08770E-01  1.63020E-11  269.928  1.89210E-14
   16  6.85960E-01  1.57770E-11  268.253  1.85780E-14
   17  6.63570E-01  1.52620E-11  266.563  1.82320E-14
   18  6.41600E-01  1.47570E-11  264.859  1.78910E-14
   19  6.20050E-01  1.42610E-11  263.141  1.75410E-14
   20  5.98910E-01  1.37750E-11  261.408  1.72040E-14
   21  5.78190E-01  1.32980E-11  259.659  1.68580E-14
   22  5.57890E-01  1.28320E-11  257.896  1.65160E-14
   23  5.38010E-01  1.23740E-11  256.120  1.61670E-14
   24  5.18550E-01  1.19270E-11  254.330  1.58300E-14
   25  4.99500E-01  1.14880E-11  252.523  1.54900E-14
   26  4.80860E-01  1.10600E-11  250.699  1.51450E-14
   27  4.62650E-01  1.06410E-11  248.857  1.48040E-14
   28  4.44840E-01  1.02310E-11  246.997  1.44670E-14
   29  4.27450E-01  9.83140E-12  245.124  1.41300E-14
   30  4.10480E-01  9.44090E-12  243.242  1.37930E-14
   31  3.93910E-01  9.05980E-12  241.352  1.34530E-14
   32  3.77750E-01  8.68820E-12  239.446  1.31230E-14
   33  3.61990E-01  8.32580E-12  237.504  1.27860E-14
   34  3.46640E-01  7.98150E-12  235.517  1.24770E-14
   35  3.31700E-01  7.65570E-12  233.502  1.21740E-14
   36  3.17150E-01  7.33940E-12  231.510  1.18800E-14
   37  3.03000E-01  7.04130E-12  229.587  1.15930E-14
   38  2.89240E-01  6.76770E-12  227.708  1.13410E-14
   39  2.75880E-01  6.50710E-12  225.739  1.11040E-14
   40  2.62910E-01  6.28050E-12  223.522  1.09190E-14
   41  2.50320E-01  6.12750E-12  221.081  1.08760E-14
   42  2.38110E-01  6.01330E-12  218.787  1.08860E-14
   43  2.26290E-01  5.92560E-12  217.153  1.09130E-14
   44  2.14840E-01  5.93170E-12  216.439  1.11490E-14
   45  2.03760E-01  5.98970E-12  216.427  1.14800E-14
   46  1.93050E-01  6.11630E-12  216.643  1.19450E-14
   47  1.82700E-01  6.46150E-12  216.767  1.28700E-14
   48  1.72710E-01  6.91180E-12  216.753  1.40510E-14
   49  1.63080E-01  7.59000E-12  216.704  1.57590E-14
   50  1.53800E-01  8.67860E-12  216.685  1.84100E-14
   51  1.44860E-01  9.84700E-12  216.692  2.13440E-14
   52  1.36270E-01  1.24830E-11  216.701  2.76510E-14
   53  1.28010E-01  1.64970E-11  216.703  3.73700E-14
   54  1.20080E-01  2.07210E-11  216.701  4.80040E-14
   55  1.12480E-01  2.56510E-11  216.699  6.08380E-14
   56  1.05190E-01  3.07070E-11  216.699  7.45240E-14
   57  9.82240E-02  3.62220E-11  216.701  9.00570E-14
   58  9.15650E-02  4.19760E-11  216.702  1.06960E-13
   59  8.52090E-02  4.77420E-11  216.696  1.24690E-13
   60  7.91490E-02  5.35730E-11  216.692  1.43530E-13
   61  7.33810E-02  5.90650E-11  216.708  1.62390E-13
   62  6.78970E-02  6.41990E-11  216.721  1.81220E-13
   63  6.26920E-02  6.89680E-11  216.674  2.00070E-13
   64  5.77590E-02  7.33360E-11  216.643  2.18760E-13
   65  5.30910E-02  7.73100E-11  216.846  2.37180E-13
   66  4.86810E-02  8.07920E-11  217.322  2.55200E-13
   67  4.45230E-02  8.37090E-11  217.902  2.72320E-13
   68  4.06100E-02  8.60340E-11  218.493  2.88580E-13
   69  3.69350E-02  8.75850E-11  219.103  3.03100E-13
   70  3.34910E-02  8.87890E-11  219.735  3.17320E-13
   71  3.02700E-02  9.00100E-11  220.392  3.32510E-13
   72  2.72650E-02  9.21940E-11  221.078  3.52380E-13
   73  2.44680E-02  9.28470E-11  221.755  3.67570E-13
   74  2.18740E-02  9.03840E-11  222.419  3.71060E-13
   75  1.94720E-02  8.68340E-11  223.141  3.70130E-13
   76  1.72580E-02  8.32080E-11  223.983  3.68510E-13
   77  1.52210E-02  7.98640E-11  224.917  3.67980E-13
   78  1.33550E-02  7.63470E-11  225.808  3.66660E-13
   79  1.16530E-02  7.18520E-11  226.541  3.60620E-13
   80  1.01060E-02  6.63520E-11  227.333  3.48960E-13
   81  8.70620E-03  6.05520E-11  228.733  3.33540E-13
   82  7.44630E-03  5.36030E-11  231.109  3.09580E-13
   83  6.31830E-03  4.58510E-11  234.273  2.78750E-13
   84  5.31440E-03  3.74250E-11  237.747  2.39960E-13
   85  4.42680E-03  2.87030E-11  241.343  1.94730E-13
   86  3.64780E-03  2.03200E-11  245.169  1.46340E-13
   87  2.96970E-03  1.28900E-11  249.383  9.88660E-14
   88  2.38480E-03  7.33990E-12  253.968  6.01830E-14
   89  1.88550E-03  3.76560E-12  258.761  3.31830E-14
   90  1.46430E-03  1.83290E-12  264.325  1.74270E-14
   91  1.11390E-03  8.56870E-13  269.375  8.85020E-15
   92  8.26910E-04  4.21470E-13  270.524  4.75790E-15
   93  5.96370E-04  2.37240E-13  267.147  2.94490E-15
   94  4.15280E-04  1.43830E-13  260.597  1.99410E-15
   95  2.76900E-04  8.46440E-14  252.236  1.32450E-15
   96  1.74800E-04  4.82660E-14  243.066  8.64350E-16
   97  1.02710E-04  2.60830E-14  232.694  5.47160E-16
   98  5.47150E-05  1.28340E-14  221.294  3.23910E-16
   99  2.53190E-05  5.51350E-15  209.983  1.74260E-16
  100  9.36810E-06  1.89610E-15  198.086  8.06030E-17
