    1  1.07120E+00  1.77580E-12  292.064  1.70130E-15
    2  1.04270E+00  1.70500E-12  290.543  1.65530E-15
    3  1.01460E+00  1.63580E-12  289.018  1.61010E-15
    4  9.86870E-01  1.56830E-12  287.488  1.56410E-15
    5  9.59550E-01  1.50240E-12  285.950  1.51800E-15
    6  9.32640E-01  1.43800E-12  284.403  1.47330E-15
    7  9.06120E-01  1.37530E-12  282.846  1.42800E-15
    8  8.80020E-01  1.31440E-12  281.277  1.38320E-15
    9  8.54320E-01  1.25530E-12  279.695  1.33950E-15
   10  8.29030E-01  1.19790E-12  278.101  1.29540E-15
   11  8.04150E-01  1.14200E-12  276.494  1.25270E-15
   12  7.79690E-01  1.09110E-12  274.873  1.21370E-15
   13  7.55630E-01  1.04660E-12  273.239  1.18050E-15
   14  7.31990E-01  1.00460E-12  271.591  1.14940E-15
   15  7.08770E-01  9.63590E-13  269.928  1.11840E-15
   16  6.85960E-01  9.23740E-13  268.253  1.08770E-15
   17  6.63570E-01  8.85000E-13  266.563  1.05720E-15
   18  6.41600E-01  8.47290E-13  264.860  1.02730E-15
   19  6.20050E-01  8.10590E-13  263.141  9.97010E-16
   20  5.98910E-01  7.74970E-13  261.408  9.67870E-16
   21  5.78190E-01  7.40430E-13  259.659  9.38610E-16
   22  5.57890E-01  7.06870E-13  257.896  9.09870E-16
   23  5.38010E-01  6.74290E-13  256.120  8.80980E-16
   24  5.18550E-01  6.42760E-13  254.330  8.53120E-16
   25  4.99500E-01  6.12220E-13  252.523  8.25490E-16
   26  4.80860E-01  5.82620E-13  250.699  7.97800E-16
   27  4.62650E-01  5.53990E-13  248.857  7.70730E-16
   28  4.44840E-01  5.26350E-13  246.997  7.44270E-16
   29  4.27450E-01  4.99620E-13  245.124  7.18100E-16
   30  4.10480E-01  4.73800E-13  243.242  6.92190E-16
   31  3.93910E-01  4.48910E-13  241.352  6.66620E-16
   32  3.77750E-01  4.24940E-13  239.446  6.41880E-16
   33  3.61990E-01  4.01810E-13  237.504  6.17050E-16
   34  3.46640E-01  3.79560E-13  235.517  5.93340E-16
   35  3.31700E-01  3.58190E-13  233.502  5.69570E-16
   36  3.17150E-01  3.37610E-13  231.510  5.46500E-16
   37  3.03000E-01  3.17860E-13  229.587  5.23360E-16
   38  2.89240E-01  2.98940E-13  227.708  5.00920E-16
   39  2.75880E-01  2.80790E-13  225.739  4.79140E-16
   40  2.62910E-01  2.61780E-13  223.522  4.55130E-16
   41  2.50320E-01  2.39700E-13  221.081  4.25440E-16
   42  2.38110E-01  2.16480E-13  218.787  3.91910E-16
   43  2.26290E-01  1.94590E-13  217.153  3.58370E-16
   44  2.14840E-01  1.74040E-13  216.439  3.27120E-16
   45  2.03760E-01  1.54770E-13  216.426  2.96640E-16
   46  1.93050E-01  1.36680E-13  216.643  2.66920E-16
   47  1.82700E-01  1.19740E-13  216.767  2.38500E-16
   48  1.72710E-01  1.03920E-13  216.753  2.11270E-16
   49  1.63080E-01  8.91890E-14  216.704  1.85180E-16
   50  1.53800E-01  7.55070E-14  216.685  1.60170E-16
   51  1.44860E-01  6.28390E-14  216.692  1.36210E-16
   52  1.36270E-01  5.23760E-14  216.701  1.16010E-16
   53  1.28010E-01  4.40070E-14  216.703  9.96900E-17
   54  1.20080E-01  3.63950E-14  216.701  8.43130E-17
   55  1.12480E-01  2.94070E-14  216.699  6.97460E-17
   56  1.05190E-01  2.30960E-14  216.699  5.60540E-17
   57  9.82240E-02  1.84230E-14  216.701  4.58030E-17
   58  9.15650E-02  1.51210E-14  216.702  3.85290E-17
   59  8.52090E-02  1.21160E-14  216.696  3.16420E-17
   60  7.91490E-02  9.39340E-15  216.692  2.51660E-17
   61  7.33810E-02  7.26170E-15  216.708  1.99650E-17
   62  6.78970E-02  5.76470E-15  216.721  1.62720E-17
   63  6.26920E-02  4.52540E-15  216.674  1.31280E-17
   64  5.77590E-02  3.41440E-15  216.643  1.01850E-17
   65  5.30910E-02  2.54210E-15  216.846  7.79870E-18
   66  4.86810E-02  1.90230E-15  217.322  6.00900E-18
   67  4.45230E-02  1.35780E-15  217.902  4.41710E-18
   68  4.06100E-02  9.17640E-16  218.493  3.07800E-18
   69  3.69350E-02  6.45780E-16  219.103  2.23480E-18
   70  3.34910E-02  4.79450E-16  219.735  1.71350E-18
   71  3.02700E-02  3.37000E-16  220.392  1.24500E-18
   72  2.72650E-02  2.27540E-16  221.078  8.69690E-19
   73  2.44680E-02  1.52190E-16  221.755  6.02510E-19
   74  2.18740E-02  9.80940E-17  222.419  4.02720E-19
   75  1.94720E-02  5.45750E-17  223.141  2.32630E-19
   76  1.72580E-02  2.45070E-17  223.983  1.08530E-19
   77  1.52210E-02  1.17720E-17  224.917  5.42420E-20
   78  1.33550E-02  7.07790E-18  225.808  3.39930E-20
   79  1.16530E-02  3.93010E-18  226.541  1.97250E-20
   80  1.01060E-02  2.44610E-18  227.333  1.28640E-20
   81  8.70620E-03  1.62310E-18  228.733  8.94070E-21
   82  7.44630E-03  9.29520E-19  231.109  5.36850E-21
   83  6.31830E-03  3.54680E-19  234.273  2.15620E-21
   84  5.31440E-03  6.82710E-20  237.747  4.37740E-22
   85  4.42680E-03  1.51080E-20  241.343  1.02500E-22
   86  3.64780E-03  2.63270E-21  245.169  1.89600E-23
   87  2.96970E-03  8.42730E-22  249.383  6.46370E-24
   88  2.38480E-03  1.28600E-22  253.968  1.05450E-24
   89  1.88550E-03  2.55660E-23  258.761  2.25290E-25
   90  1.46430E-03  4.10330E-24  264.325  3.90120E-26
   91  1.11390E-03  1.11390E-24  269.375  1.15040E-26
   92  8.26910E-04  8.26910E-25  270.524  9.33490E-27
   93  5.96370E-04  5.96370E-25  267.147  7.40250E-27
   94  4.15280E-04  4.15280E-25  260.597  5.75750E-27
   95  2.76900E-04  2.76900E-25  252.236  4.33290E-27
   96  1.74800E-04  1.74800E-25  243.066  3.13040E-27
   97  1.02710E-04  1.02710E-25  232.694  2.15470E-27
   98  5.47150E-05  5.47150E-26  221.294  1.38090E-27
   99  2.53190E-05  2.53190E-26  209.983  8.00250E-28
  100  9.36810E-06  9.36810E-27  198.086  3.98240E-28
