    1  1.07120E+00  8.36610E-01  292.064  8.01550E-04
    2  1.04270E+00  8.14340E-01  290.543  7.90600E-04
    3  1.01460E+00  7.92390E-01  289.018  7.79910E-04
    4  9.86870E-01  7.70740E-01  287.488  7.68700E-04
    5  9.59550E-01  7.49410E-01  285.950  7.57220E-04
    6  9.32640E-01  7.28390E-01  284.403  7.46260E-04
    7  9.06120E-01  7.07680E-01  282.846  7.34790E-04
    8  8.80020E-01  6.87290E-01  281.277  7.23280E-04
    9  8.54320E-01  6.67230E-01  279.695  7.11970E-04
   10  8.29030E-01  6.47470E-01  278.101  7.00220E-04
   11  8.04150E-01  6.28040E-01  276.494  6.88970E-04
   12  7.79690E-01  6.08930E-01  274.873  6.77370E-04
   13  7.55630E-01  5.90150E-01  273.239  6.65650E-04
   14  7.31990E-01  5.71690E-01  271.591  6.54120E-04
   15  7.08770E-01  5.53550E-01  269.928  6.42490E-04
   16  6.85960E-01  5.35740E-01  268.253  6.30850E-04
   17  6.63570E-01  5.18250E-01  266.563  6.19090E-04
   18  6.41600E-01  5.01090E-01  264.859  6.07530E-04
   19  6.20050E-01  4.84260E-01  263.141  5.95630E-04
   20  5.98910E-01  4.67750E-01  261.408  5.84180E-04
   21  5.78190E-01  4.51570E-01  259.659  5.72430E-04
   22  5.57890E-01  4.35710E-01  257.896  5.60840E-04
   23  5.38010E-01  4.20190E-01  256.120  5.48990E-04
   24  5.18550E-01  4.04980E-01  254.330  5.37530E-04
   25  4.99500E-01  3.90110E-01  252.523  5.26000E-04
   26  4.80860E-01  3.75560E-01  250.699  5.14260E-04
   27  4.62650E-01  3.61330E-01  248.857  5.02690E-04
   28  4.44840E-01  3.47420E-01  246.997  4.91260E-04
   29  4.27450E-01  3.33840E-01  245.124  4.79820E-04
   30  4.10480E-01  3.20580E-01  243.242  4.68350E-04
   31  3.93910E-01  3.07640E-01  241.352  4.56830E-04
   32  3.77750E-01  2.95020E-01  239.446  4.45630E-04
   33  3.61990E-01  2.82720E-01  237.504  4.34160E-04
   34  3.46640E-01  2.70730E-01  235.517  4.23210E-04
   35  3.31700E-01  2.59050E-01  233.502  4.11940E-04
   36  3.17150E-01  2.47690E-01  231.510  4.00940E-04
   37  3.03000E-01  2.36640E-01  229.587  3.89630E-04
   38  2.89240E-01  2.25900E-01  227.708  3.78540E-04
   39  2.75880E-01  2.15460E-01  225.739  3.67670E-04
   40  2.62910E-01  2.05330E-01  223.522  3.56990E-04
   41  2.50320E-01  1.95500E-01  221.081  3.46990E-04
   42  2.38110E-01  1.85970E-01  218.787  3.36670E-04
   43  2.26290E-01  1.76730E-01  217.153  3.25480E-04
   44  2.14840E-01  1.67790E-01  216.439  3.15370E-04
   45  2.03760E-01  1.59140E-01  216.427  3.05010E-04
   46  1.93050E-01  1.50770E-01  216.643  2.94440E-04
   47  1.82700E-01  1.42690E-01  216.767  2.84210E-04
   48  1.72710E-01  1.34890E-01  216.753  2.74220E-04
   49  1.63080E-01  1.27370E-01  216.704  2.64450E-04
   50  1.53800E-01  1.20120E-01  216.685  2.54800E-04
   51  1.44860E-01  1.13140E-01  216.692  2.45230E-04
   52  1.36270E-01  1.06420E-01  216.701  2.35730E-04
   53  1.28010E-01  9.99730E-02  216.703  2.26470E-04
   54  1.20080E-01  9.37810E-02  216.701  2.17260E-04
   55  1.12480E-01  8.78430E-02  216.699  2.08340E-04
   56  1.05190E-01  8.21550E-02  216.699  1.99390E-04
   57  9.82240E-02  7.67130E-02  216.701  1.90730E-04
   58  9.15650E-02  7.15120E-02  216.702  1.82210E-04
   59  8.52090E-02  6.65480E-02  216.696  1.73800E-04
   60  7.91490E-02  6.18160E-02  216.692  1.65620E-04
   61  7.33810E-02  5.73110E-02  216.708  1.57560E-04
   62  6.78970E-02  5.30280E-02  216.721  1.49690E-04
   63  6.26920E-02  4.89620E-02  216.674  1.42040E-04
   64  5.77590E-02  4.51100E-02  216.643  1.34560E-04
   65  5.30910E-02  4.14640E-02  216.846  1.27210E-04
   66  4.86810E-02  3.80200E-02  217.322  1.20090E-04
   67  4.45230E-02  3.47730E-02  217.902  1.13120E-04
   68  4.06100E-02  3.17170E-02  218.493  1.06390E-04
   69  3.69350E-02  2.88460E-02  219.103  9.98260E-05
   70  3.34910E-02  2.61560E-02  219.735  9.34780E-05
   71  3.02700E-02  2.36410E-02  220.392  8.73330E-05
   72  2.72650E-02  2.12940E-02  221.078  8.13880E-05
   73  2.44680E-02  1.91100E-02  221.755  7.56540E-05
   74  2.18740E-02  1.70830E-02  222.419  7.01340E-05
   75  1.94720E-02  1.52080E-02  223.141  6.48250E-05
   76  1.72580E-02  1.34780E-02  223.983  5.96920E-05
   77  1.52210E-02  1.18880E-02  224.917  5.47740E-05
   78  1.33550E-02  1.04310E-02  225.808  5.00940E-05
   79  1.16530E-02  9.10100E-03  226.541  4.56770E-05
   80  1.01060E-02  7.89270E-03  227.333  4.15090E-05
   81  8.70620E-03  6.79960E-03  228.733  3.74540E-05
   82  7.44630E-03  5.81560E-03  231.109  3.35880E-05
   83  6.31830E-03  4.93460E-03  234.273  2.99990E-05
   84  5.31440E-03  4.15060E-03  237.747  2.66130E-05
   85  4.42680E-03  3.45740E-03  241.343  2.34560E-05
   86  3.64780E-03  2.84890E-03  245.169  2.05180E-05
   87  2.96970E-03  2.31930E-03  249.383  1.77890E-05
   88  2.38480E-03  1.86250E-03  253.968  1.52720E-05
   89  1.88550E-03  1.47260E-03  258.761  1.29760E-05
   90  1.46430E-03  1.14360E-03  264.325  1.08730E-05
   91  1.11390E-03  8.69920E-04  269.375  8.98500E-06
   92  8.26910E-04  6.45820E-04  270.524  7.29060E-06
   93  5.96370E-04  4.65760E-04  267.147  5.78140E-06
   94  4.15280E-04  3.24330E-04  260.597  4.49660E-06
   95  2.76900E-04  2.16260E-04  252.236  3.38400E-06
   96  1.74800E-04  1.36520E-04  243.066  2.44490E-06
   97  1.02710E-04  8.02190E-05  232.694  1.68280E-06
   98  5.47150E-05  4.27320E-05  221.294  1.07840E-06
   99  2.53190E-05  1.97740E-05  209.983  6.24990E-07
  100  9.36810E-06  7.31650E-06  198.086  3.11020E-07
