    1  1.07120E+00  4.76240E-11  292.064  4.56280E-14
    2  1.04270E+00  4.86140E-11  290.543  4.71960E-14
    3  1.01460E+00  4.95290E-11  289.018  4.87480E-14
    4  9.86870E-01  5.03690E-11  287.488  5.02360E-14
    5  9.59550E-01  5.11370E-11  285.950  5.16700E-14
    6  9.32640E-01  5.18320E-11  284.403  5.31040E-14
    7  9.06120E-01  5.24560E-11  282.846  5.44660E-14
    8  8.80020E-01  5.29970E-11  281.277  5.57720E-14
    9  8.54320E-01  5.34550E-11  279.695  5.70390E-14
   10  8.29030E-01  5.38410E-11  278.101  5.82270E-14
   11  8.04150E-01  5.41620E-11  276.494  5.94160E-14
   12  7.79690E-01  5.44100E-11  274.873  6.05240E-14
   13  7.55630E-01  5.45830E-11  273.239  6.15660E-14
   14  7.31990E-01  5.46910E-11  271.591  6.25770E-14
   15  7.08770E-01  5.47400E-11  269.928  6.35350E-14
   16  6.85960E-01  5.47010E-11  268.253  6.44110E-14
   17  6.63570E-01  5.45680E-11  266.563  6.51850E-14
   18  6.41600E-01  5.43740E-11  264.859  6.59240E-14
   19  6.20050E-01  5.41290E-11  263.141  6.65780E-14
   20  5.98910E-01  5.37570E-11  261.408  6.71370E-14
   21  5.78190E-01  5.32600E-11  259.659  6.75150E-14
   22  5.57890E-01  5.27220E-11  257.896  6.78630E-14
   23  5.38010E-01  5.22340E-11  256.120  6.82460E-14
   24  5.18550E-01  5.20230E-11  254.330  6.90490E-14
   25  4.99500E-01  5.19800E-11  252.523  7.00870E-14
   26  4.80860E-01  5.18680E-11  250.699  7.10240E-14
   27  4.62650E-01  5.17400E-11  248.857  7.19820E-14
   28  4.44840E-01  5.16160E-11  246.997  7.29860E-14
   29  4.27450E-01  5.14430E-11  245.124  7.39380E-14
   30  4.10480E-01  5.11700E-11  243.242  7.47560E-14
   31  3.93910E-01  5.06930E-11  241.352  7.52770E-14
   32  3.77750E-01  5.00570E-11  239.446  7.56110E-14
   33  3.61990E-01  4.93760E-11  237.504  7.58250E-14
   34  3.46640E-01  4.86810E-11  235.517  7.60990E-14
   35  3.31700E-01  4.79760E-11  233.502  7.62890E-14
   36  3.17150E-01  4.72340E-11  231.510  7.64570E-14
   37  3.03000E-01  4.66240E-11  229.587  7.67670E-14
   38  2.89240E-01  4.62580E-11  227.708  7.75140E-14
   39  2.75880E-01  4.59440E-11  225.739  7.83980E-14
   40  2.62910E-01  4.56550E-11  223.522  7.93760E-14
   41  2.50320E-01  4.55380E-11  221.081  8.08240E-14
   42  2.38110E-01  4.54700E-11  218.787  8.23170E-14
   43  2.26290E-01  4.54160E-11  217.153  8.36420E-14
   44  2.14840E-01  4.56260E-11  216.439  8.57580E-14
   45  2.03760E-01  4.59510E-11  216.427  8.80740E-14
   46  1.93050E-01  4.60770E-11  216.643  8.99850E-14
   47  1.82700E-01  4.59330E-11  216.767  9.14900E-14
   48  1.72710E-01  4.55850E-11  216.753  9.26730E-14
   49  1.63080E-01  4.54960E-11  216.704  9.44630E-14
   50  1.53800E-01  4.59000E-11  216.685  9.73650E-14
   51  1.44860E-01  4.63790E-11  216.692  1.00530E-13
   52  1.36270E-01  4.81690E-11  216.701  1.06700E-13
   53  1.28010E-01  5.11890E-11  216.703  1.15960E-13
   54  1.20080E-01  5.55810E-11  216.701  1.28760E-13
   55  1.12480E-01  6.31960E-11  216.699  1.49890E-13
   56  1.05190E-01  7.23310E-11  216.699  1.75540E-13
   57  9.82240E-02  8.63970E-11  216.701  2.14800E-13
   58  9.15650E-02  1.04060E-10  216.702  2.65150E-13
   59  8.52090E-02  1.22990E-10  216.696  3.21210E-13
   60  7.91490E-02  1.43350E-10  216.692  3.84060E-13
   61  7.33810E-02  1.64570E-10  216.708  4.52460E-13
   62  6.78970E-02  1.86730E-10  216.721  5.27090E-13
   63  6.26920E-02  2.05870E-10  216.674  5.97220E-13
   64  5.77590E-02  2.20900E-10  216.643  6.58940E-13
   65  5.30910E-02  2.29050E-10  216.846  7.02710E-13
   66  4.86810E-02  2.30620E-10  217.322  7.28460E-13
   67  4.45230E-02  2.26900E-10  217.902  7.38150E-13
   68  4.06100E-02  2.18500E-10  218.493  7.32900E-13
   69  3.69350E-02  2.06870E-10  219.103  7.15900E-13
   70  3.34910E-02  1.92140E-10  219.735  6.86680E-13
   71  3.02700E-02  1.75500E-10  220.392  6.48320E-13
   72  2.72650E-02  1.56260E-10  221.078  5.97260E-13
   73  2.44680E-02  1.35690E-10  221.755  5.37180E-13
   74  2.18740E-02  1.16380E-10  222.419  4.77780E-13
   75  1.94720E-02  9.88990E-11  223.141  4.21560E-13
   76  1.72580E-02  8.29240E-11  223.983  3.67250E-13
   77  1.52210E-02  6.80450E-11  224.917  3.13520E-13
   78  1.33550E-02  5.46880E-11  225.808  2.62650E-13
   79  1.16530E-02  4.31570E-11  226.541  2.16600E-13
   80  1.01060E-02  3.33060E-11  227.333  1.75160E-13
   81  8.70620E-03  2.49810E-11  228.733  1.37600E-13
   82  7.44630E-03  1.80380E-11  231.109  1.04180E-13
   83  6.31830E-03  1.23400E-11  234.273  7.50190E-14
   84  5.31440E-03  8.06900E-12  237.747  5.17370E-14
   85  4.42680E-03  5.04480E-12  241.343  3.42260E-14
   86  3.64780E-03  3.04040E-12  245.169  2.18970E-14
   87  2.96970E-03  1.78420E-12  249.383  1.36850E-14
   88  2.38480E-03  9.28040E-13  253.968  7.60940E-15
   89  1.88550E-03  4.38780E-13  258.761  3.86650E-15
   90  1.46430E-03  2.01950E-13  264.325  1.92000E-15
   91  1.11390E-03  9.59930E-14  269.375  9.91470E-16
   92  8.26910E-04  5.11430E-14  270.524  5.77350E-16
   93  5.96370E-04  3.02480E-14  267.147  3.75460E-16
   94  4.15280E-04  1.87790E-14  260.597  2.60360E-16
   95  2.76900E-04  1.12800E-14  252.236  1.76510E-16
   96  1.74800E-04  6.54320E-15  243.066  1.17180E-16
   97  1.02710E-04  3.59980E-15  232.694  7.55170E-17
   98  5.47150E-05  1.80970E-15  221.294  4.56710E-17
   99  2.53190E-05  7.97140E-16  209.983  2.51950E-17
  100  9.36810E-06  2.82120E-16  198.086  1.19930E-17
