    1  1.07120E+00  2.92920E-08  292.064  2.80640E-11
    2  1.04270E+00  2.78780E-08  290.543  2.70650E-11
    3  1.01460E+00  2.69610E-08  289.018  2.65370E-11
    4  9.86870E-01  2.64160E-08  287.488  2.63460E-11
    5  9.59550E-01  2.61340E-08  285.950  2.64060E-11
    6  9.32640E-01  2.60210E-08  284.403  2.66590E-11
    7  9.06120E-01  2.59980E-08  282.846  2.69940E-11
    8  8.80020E-01  2.59980E-08  281.277  2.73600E-11
    9  8.54320E-01  2.59680E-08  279.695  2.77100E-11
   10  8.29030E-01  2.58620E-08  278.101  2.79690E-11
   11  8.04150E-01  2.56470E-08  276.494  2.81350E-11
   12  7.79690E-01  2.52970E-08  274.873  2.81400E-11
   13  7.55630E-01  2.48100E-08  273.239  2.79840E-11
   14  7.31990E-01  2.42050E-08  271.591  2.76950E-11
   15  7.08770E-01  2.35080E-08  269.928  2.72860E-11
   16  6.85960E-01  2.27460E-08  268.253  2.67840E-11
   17  6.63570E-01  2.19800E-08  266.563  2.62560E-11
   18  6.41600E-01  2.13060E-08  264.859  2.58310E-11
   19  6.20050E-01  2.08140E-08  263.141  2.56000E-11
   20  5.98910E-01  2.05500E-08  261.408  2.56660E-11
   21  5.78190E-01  2.04500E-08  259.659  2.59240E-11
   22  5.57890E-01  2.03620E-08  257.896  2.62100E-11
   23  5.38010E-01  2.01490E-08  256.120  2.63250E-11
   24  5.18550E-01  1.97700E-08  254.330  2.62400E-11
   25  4.99500E-01  1.93630E-08  252.523  2.61070E-11
   26  4.80860E-01  1.91450E-08  250.699  2.62150E-11
   27  4.62650E-01  1.92700E-08  248.857  2.68090E-11
   28  4.44840E-01  1.96860E-08  246.997  2.78360E-11
   29  4.27450E-01  2.01200E-08  245.124  2.89180E-11
   30  4.10480E-01  2.02910E-08  243.242  2.96430E-11
   31  3.93910E-01  2.01280E-08  241.352  2.98890E-11
   32  3.77750E-01  1.99800E-08  239.446  3.01800E-11
   33  3.61990E-01  2.03840E-08  237.504  3.13030E-11
   34  3.46640E-01  2.16840E-08  235.517  3.38970E-11
   35  3.31700E-01  2.37340E-08  233.502  3.77400E-11
   36  3.17150E-01  2.59840E-08  231.510  4.20610E-11
   37  3.03000E-01  2.79400E-08  229.587  4.60030E-11
   38  2.89240E-01  2.95890E-08  227.708  4.95820E-11
   39  2.75880E-01  3.14700E-08  225.739  5.37000E-11
   40  2.62910E-01  3.41720E-08  223.522  5.94110E-11
   41  2.50320E-01  3.79010E-08  221.081  6.72700E-11
   42  2.38110E-01  4.23990E-08  218.787  7.67570E-11
   43  2.26290E-01  4.72380E-08  217.153  8.69980E-11
   44  2.14840E-01  5.19700E-08  216.439  9.76800E-11
   45  2.03760E-01  5.60050E-08  216.427  1.07340E-10
   46  1.93050E-01  5.88010E-08  216.643  1.14830E-10
   47  1.82700E-01  6.03670E-08  216.767  1.20240E-10
   48  1.72710E-01  6.15210E-08  216.753  1.25070E-10
   49  1.63080E-01  6.32330E-08  216.704  1.31290E-10
   50  1.53800E-01  6.57720E-08  216.685  1.39520E-10
   51  1.44860E-01  6.86980E-08  216.692  1.48910E-10
   52  1.36270E-01  7.15240E-08  216.701  1.58430E-10
   53  1.28010E-01  7.43510E-08  216.703  1.68430E-10
   54  1.20080E-01  7.76490E-08  216.701  1.79880E-10
   55  1.12480E-01  8.17280E-08  216.699  1.93840E-10
   56  1.05190E-01  8.66780E-08  216.699  2.10370E-10
   57  9.82240E-02  9.24680E-08  216.701  2.29900E-10
   58  9.15650E-02  9.90910E-08  216.702  2.52490E-10
   59  8.52090E-02  1.06420E-07  216.696  2.77940E-10
   60  7.91490E-02  1.13640E-07  216.692  3.04460E-10
   61  7.33810E-02  1.19650E-07  216.708  3.28950E-10
   62  6.78970E-02  1.25040E-07  216.721  3.52960E-10
   63  6.26920E-02  1.31490E-07  216.674  3.81450E-10
   64  5.77590E-02  1.37790E-07  216.643  4.11040E-10
   65  5.30910E-02  1.40700E-07  216.846  4.31640E-10
   66  4.86810E-02  1.41230E-07  217.322  4.46100E-10
   67  4.45230E-02  1.43000E-07  217.902  4.65210E-10
   68  4.06100E-02  1.45150E-07  218.493  4.86890E-10
   69  3.69350E-02  1.44770E-07  219.103  5.01010E-10
   70  3.34910E-02  1.41560E-07  219.735  5.05920E-10
   71  3.02700E-02  1.37190E-07  220.392  5.06790E-10
   72  2.72650E-02  1.32660E-07  221.078  5.07040E-10
   73  2.44680E-02  1.26560E-07  221.755  5.01020E-10
   74  2.18740E-02  1.18190E-07  222.419  4.85220E-10
   75  1.94720E-02  1.08980E-07  223.141  4.64530E-10
   76  1.72580E-02  1.00090E-07  223.983  4.43290E-10
   77  1.52210E-02  9.18610E-08  224.917  4.23260E-10
   78  1.33550E-02  8.41210E-08  225.808  4.04000E-10
   79  1.16530E-02  7.66640E-08  226.541  3.84770E-10
   80  1.01060E-02  6.94320E-08  227.333  3.65160E-10
   81  8.70620E-03  6.24610E-08  228.733  3.44060E-10
   82  7.44630E-03  5.57070E-08  231.109  3.21740E-10
   83  6.31830E-03  4.88300E-08  234.273  2.96860E-10
   84  5.31440E-03  4.16440E-08  237.747  2.67020E-10
   85  4.42680E-03  3.46260E-08  241.343  2.34920E-10
   86  3.64780E-03  2.81550E-08  245.169  2.02770E-10
   87  2.96970E-03  2.19210E-08  249.383  1.68140E-10
   88  2.38480E-03  1.60640E-08  253.968  1.31720E-10
   89  1.88550E-03  1.13170E-08  258.761  9.97260E-11
   90  1.46430E-03  7.63530E-09  264.325  7.25920E-11
   91  1.11390E-03  4.73830E-09  269.375  4.89400E-11
   92  8.26910E-04  2.71810E-09  270.524  3.06850E-11
   93  5.96370E-04  1.47910E-09  267.147  1.83600E-11
   94  4.15280E-04  7.53770E-10  260.597  1.04500E-11
   95  2.76900E-04  3.63620E-10  252.236  5.69000E-12
   96  1.74800E-04  1.75330E-10  243.066  3.13970E-12
   97  1.02710E-04  6.89200E-11  232.694  1.44580E-12
   98  5.47150E-05  2.00730E-11  221.294  5.06590E-13
   99  2.53190E-05  6.56930E-12  209.983  2.07630E-13
  100  9.36810E-06  3.05990E-12  198.086  1.30080E-13
