    1  1.07120E+00  1.28540E-11  292.064  1.23160E-14
    2  1.04270E+00  1.25120E-11  290.543  1.21480E-14
    3  1.01460E+00  1.21750E-11  289.018  1.19830E-14
    4  9.86870E-01  1.18420E-11  287.488  1.18110E-14
    5  9.59550E-01  1.15150E-11  285.950  1.16350E-14
    6  9.32640E-01  1.11920E-11  284.403  1.14660E-14
    7  9.06120E-01  1.08730E-11  282.846  1.12900E-14
    8  8.80020E-01  1.05600E-11  281.277  1.11130E-14
    9  8.54320E-01  1.02520E-11  279.695  1.09390E-14
   10  8.29030E-01  9.94840E-12  278.101  1.07590E-14
   11  8.04150E-01  9.64980E-12  276.494  1.05860E-14
   12  7.79690E-01  9.35620E-12  274.873  1.04080E-14
   13  7.55630E-01  9.06760E-12  273.239  1.02280E-14
   14  7.31990E-01  8.78390E-12  271.591  1.00500E-14
   15  7.08770E-01  8.50520E-12  269.928  9.87180E-15
   16  6.85960E-01  8.23090E-12  268.253  9.69210E-15
   17  6.63570E-01  7.96070E-12  266.563  9.50970E-15
   18  6.41600E-01  7.69550E-12  264.860  9.33010E-15
   19  6.20050E-01  7.43530E-12  263.141  9.14520E-15
   20  5.98910E-01  7.18100E-12  261.408  8.96840E-15
   21  5.78190E-01  6.93250E-12  259.659  8.78800E-15
   22  5.57890E-01  6.68910E-12  257.896  8.61010E-15
   23  5.38010E-01  6.45070E-12  256.120  8.42810E-15
   24  5.18550E-01  6.21740E-12  254.330  8.25220E-15
   25  4.99500E-01  5.98900E-12  252.523  8.07520E-15
   26  4.80860E-01  5.76560E-12  250.699  7.89490E-15
   27  4.62650E-01  5.54710E-12  248.857  7.71730E-15
   28  4.44840E-01  5.33370E-12  246.997  7.54190E-15
   29  4.27450E-01  5.12520E-12  245.124  7.36630E-15
   30  4.10480E-01  4.92150E-12  243.242  7.19000E-15
   31  3.93910E-01  4.72210E-12  241.352  7.01210E-15
   32  3.77750E-01  4.52730E-12  239.446  6.83850E-15
   33  3.61990E-01  4.33740E-12  237.504  6.66080E-15
   34  3.46640E-01  4.15290E-12  235.517  6.49190E-15
   35  3.31700E-01  3.97370E-12  233.502  6.31880E-15
   36  3.17150E-01  3.79940E-12  231.510  6.15020E-15
   37  3.03000E-01  3.62990E-12  229.587  5.97670E-15
   38  2.89240E-01  3.46520E-12  227.708  5.80650E-15
   39  2.75880E-01  3.30510E-12  225.739  5.63980E-15
   40  2.62910E-01  3.14950E-12  223.522  5.47570E-15
   41  2.50320E-01  2.99810E-12  221.081  5.32130E-15
   42  2.38110E-01  2.85120E-12  218.787  5.16160E-15
   43  2.26290E-01  2.70880E-12  217.153  4.98880E-15
   44  2.14840E-01  2.57100E-12  216.439  4.83240E-15
   45  2.03760E-01  2.43780E-12  216.426  4.67240E-15
   46  1.93050E-01  2.30850E-12  216.643  4.50830E-15
   47  1.82700E-01  2.18240E-12  216.767  4.34690E-15
   48  1.72710E-01  2.06000E-12  216.753  4.18790E-15
   49  1.63080E-01  1.94200E-12  216.704  4.03210E-15
   50  1.53800E-01  1.82810E-12  216.685  3.87790E-15
   51  1.44860E-01  1.71860E-12  216.692  3.72510E-15
   52  1.36270E-01  1.61050E-12  216.701  3.56720E-15
   53  1.28010E-01  1.50390E-12  216.703  3.40690E-15
   54  1.20080E-01  1.40200E-12  216.701  3.24790E-15
   55  1.12480E-01  1.30480E-12  216.699  3.09470E-15
   56  1.05190E-01  1.21210E-12  216.699  2.94160E-15
   57  9.82240E-02  1.12150E-12  216.701  2.78830E-15
   58  9.15650E-02  1.03360E-12  216.702  2.63350E-15
   59  8.52090E-02  9.50310E-13  216.696  2.48190E-15
   60  7.91490E-02  8.71600E-13  216.692  2.33520E-15
   61  7.33810E-02  7.96560E-13  216.708  2.19000E-15
   62  6.78970E-02  7.24910E-13  216.721  2.04630E-15
   63  6.26920E-02  6.57420E-13  216.674  1.90720E-15
   64  5.77590E-02  5.94250E-13  216.643  1.77260E-15
   65  5.30910E-02  5.34910E-13  216.846  1.64100E-15
   66  4.86810E-02  4.79260E-13  217.322  1.51380E-15
   67  4.45230E-02  4.27640E-13  217.902  1.39120E-15
   68  4.06100E-02  3.79870E-13  218.493  1.27420E-15
   69  3.69350E-02  3.35620E-13  219.103  1.16140E-15
   70  3.34910E-02  2.94850E-13  219.735  1.05370E-15
   71  3.02700E-02  2.57590E-13  220.392  9.51580E-16
   72  2.72650E-02  2.23480E-13  221.078  8.54190E-16
   73  2.44680E-02  1.92420E-13  221.755  7.61770E-16
   74  2.18740E-02  1.64420E-13  222.419  6.75030E-16
   75  1.94720E-02  1.39350E-13  223.141  5.94000E-16
   76  1.72580E-02  1.17060E-13  223.983  5.18440E-16
   77  1.52210E-02  9.73810E-14  224.917  4.48690E-16
   78  1.33550E-02  8.01040E-14  225.808  3.84710E-16
   79  1.16530E-02  6.52180E-14  226.541  3.27320E-16
   80  1.01060E-02  5.26050E-14  227.333  2.76660E-16
   81  8.70620E-03  4.18560E-14  228.733  2.30560E-16
   82  7.44630E-03  3.26370E-14  231.109  1.88490E-16
   83  6.31830E-03  2.48150E-14  234.273  1.50860E-16
   84  5.31440E-03  1.85200E-14  237.747  1.18750E-16
   85  4.42680E-03  1.35930E-14  241.343  9.22200E-17
   86  3.64780E-03  9.87850E-15  245.169  7.11440E-17
   87  2.96970E-03  7.12740E-15  249.383  5.46670E-17
   88  2.38480E-03  5.02150E-15  253.968  4.11730E-17
   89  1.88550E-03  3.47660E-15  258.761  3.06350E-17
   90  1.46430E-03  2.36280E-15  264.325  2.24640E-17
   91  1.11390E-03  1.57740E-15  269.375  1.62920E-17
   92  8.26910E-04  1.04480E-15  270.524  1.17940E-17
   93  5.96370E-04  6.83860E-16  267.147  8.48860E-18
   94  4.15280E-04  4.31950E-16  260.597  5.98870E-18
   95  2.76900E-04  2.57680E-16  252.236  4.03220E-18
   96  1.74800E-04  1.43530E-16  243.066  2.57040E-18
   97  1.02710E-04  7.31090E-17  232.694  1.53370E-18
   98  5.47150E-05  3.27130E-17  221.294  8.25580E-19
   99  2.53190E-05  1.21310E-17  209.983  3.83420E-19
  100  9.36810E-06  3.27960E-18  198.086  1.39420E-19
