    1  1.07120E+00  2.39560E-13  292.064  2.29520E-16
    2  1.04270E+00  5.02610E-13  290.543  4.87960E-16
    3  1.01460E+00  7.54710E-13  289.018  7.42820E-16
    4  9.86870E-01  9.95940E-13  287.488  9.93310E-16
    5  9.59550E-01  1.22640E-12  285.950  1.23920E-15
    6  9.32640E-01  1.44620E-12  284.403  1.48170E-15
    7  9.06120E-01  1.65540E-12  282.846  1.71890E-15
    8  8.80020E-01  1.85180E-12  281.277  1.94880E-15
    9  8.54320E-01  2.03490E-12  279.695  2.17130E-15
   10  8.29030E-01  2.20720E-12  278.101  2.38700E-15
   11  8.04150E-01  2.36980E-12  276.494  2.59970E-15
   12  7.79690E-01  2.73210E-12  274.873  3.03910E-15
   13  7.55630E-01  3.36630E-12  273.239  3.79690E-15
   14  7.31990E-01  4.05160E-12  271.591  4.63580E-15
   15  7.08770E-01  4.69970E-12  269.928  5.45480E-15
   16  6.85960E-01  5.30400E-12  268.253  6.24560E-15
   17  6.63570E-01  5.86350E-12  266.563  7.00440E-15
   18  6.41600E-01  6.38620E-12  264.860  7.74270E-15
   19  6.20050E-01  6.87470E-12  263.141  8.45570E-15
   20  5.98910E-01  7.59750E-12  261.408  9.48860E-15
   21  5.78190E-01  8.54550E-12  259.659  1.08330E-14
   22  5.57890E-01  9.44270E-12  257.896  1.21550E-14
   23  5.38010E-01  1.02740E-11  256.120  1.34240E-14
   24  5.18550E-01  1.10310E-11  254.330  1.46410E-14
   25  4.99500E-01  1.17190E-11  252.523  1.58010E-14
   26  4.80860E-01  1.23510E-11  250.699  1.69120E-14
   27  4.62650E-01  1.28040E-11  248.857  1.78130E-14
   28  4.44840E-01  1.30360E-11  246.997  1.84330E-14
   29  4.27450E-01  1.31810E-11  245.124  1.89440E-14
   30  4.10480E-01  1.32940E-11  243.242  1.94220E-14
   31  3.93910E-01  1.33700E-11  241.352  1.98540E-14
   32  3.77750E-01  1.34120E-11  239.446  2.02590E-14
   33  3.61990E-01  1.34280E-11  237.504  2.06220E-14
   34  3.46640E-01  1.30790E-11  235.517  2.04450E-14
   35  3.31700E-01  1.23370E-11  233.502  1.96170E-14
   36  3.17150E-01  1.15620E-11  231.510  1.87160E-14
   37  3.03000E-01  1.08210E-11  229.587  1.78170E-14
   38  2.89240E-01  1.01140E-11  227.708  1.69490E-14
   39  2.75880E-01  9.43880E-12  225.739  1.61060E-14
   40  2.62910E-01  8.76680E-12  223.522  1.52420E-14
   41  2.50320E-01  8.06190E-12  221.081  1.43090E-14
   42  2.38110E-01  7.35510E-12  218.787  1.33150E-14
   43  2.26290E-01  6.68660E-12  217.153  1.23150E-14
   44  2.14840E-01  6.05670E-12  216.439  1.13840E-14
   45  2.03760E-01  5.46350E-12  216.426  1.04720E-14
   46  1.93050E-01  4.98700E-12  216.643  9.73940E-15
   47  1.82700E-01  4.76250E-12  216.767  9.48620E-15
   48  1.72710E-01  4.68450E-12  216.753  9.52350E-15
   49  1.63080E-01  4.59900E-12  216.704  9.54890E-15
   50  1.53800E-01  4.50650E-12  216.685  9.55950E-15
   51  1.44860E-01  4.40750E-12  216.692  9.55350E-15
   52  1.36270E-01  4.54780E-12  216.701  1.00730E-14
   53  1.28010E-01  4.91300E-12  216.703  1.11290E-14
   54  1.20080E-01  5.24250E-12  216.701  1.21450E-14
   55  1.12480E-01  5.51800E-12  216.699  1.30880E-14
   56  1.05190E-01  5.75980E-12  216.699  1.39790E-14
   57  9.82240E-02  6.19420E-12  216.701  1.54000E-14
   58  9.15650E-02  6.76930E-12  216.702  1.72480E-14
   59  8.52090E-02  7.24740E-12  216.696  1.89280E-14
   60  7.91490E-02  7.63380E-12  216.692  2.04520E-14
   61  7.33810E-02  7.99530E-12  216.708  2.19810E-14
   62  6.78970E-02  8.34820E-12  216.721  2.35650E-14
   63  6.26920E-02  8.62860E-12  216.674  2.50320E-14
   64  5.77590E-02  8.81980E-12  216.643  2.63090E-14
   65  5.30910E-02  8.96050E-12  216.846  2.74900E-14
   66  4.86810E-02  9.05780E-12  217.322  2.86110E-14
   67  4.45230E-02  9.08410E-12  217.902  2.95520E-14
   68  4.06100E-02  9.02660E-12  218.493  3.02780E-14
   69  3.69350E-02  8.86960E-12  219.103  3.06940E-14
   70  3.34910E-02  8.63870E-12  219.735  3.08730E-14
   71  3.02700E-02  8.34760E-12  220.392  3.08370E-14
   72  2.72650E-02  7.93640E-12  221.078  3.03340E-14
   73  2.44680E-02  7.32570E-12  221.755  2.90010E-14
   74  2.18740E-02  6.58880E-12  222.419  2.70500E-14
   75  1.94720E-02  5.86910E-12  223.141  2.50170E-14
   76  1.72580E-02  5.09250E-12  223.983  2.25530E-14
   77  1.52210E-02  4.17630E-12  224.917  1.92430E-14
   78  1.33550E-02  3.27380E-12  225.808  1.57230E-14
   79  1.16530E-02  2.48610E-12  226.541  1.24780E-14
   80  1.01060E-02  1.79820E-12  227.333  9.45710E-15
   81  8.70620E-03  1.21860E-12  228.733  6.71250E-15
   82  7.44630E-03  7.70160E-13  231.109  4.44810E-15
   83  6.31830E-03  4.35620E-13  234.273  2.64830E-15
   84  5.31440E-03  2.19730E-13  237.747  1.40890E-15
   85  4.42680E-03  1.01000E-13  241.343  6.85200E-16
   86  3.64780E-03  4.02480E-14  245.169  2.89860E-16
   87  2.96970E-03  1.63070E-14  249.383  1.25080E-16
   88  2.38480E-03  4.96070E-15  253.968  4.06750E-17
   89  1.88550E-03  1.62040E-15  258.761  1.42790E-17
   90  1.46430E-03  4.71490E-16  264.325  4.48270E-18
   91  1.11390E-03  1.11980E-16  269.375  1.15660E-18
   92  8.26910E-04  2.49040E-17  270.524  2.81140E-19
   93  5.96370E-04  6.27430E-18  267.147  7.78810E-20
   94  4.15280E-04  1.77210E-18  260.597  2.45690E-20
   95  2.76900E-04  3.26670E-19  252.236  5.11190E-21
   96  1.74800E-04  5.56980E-20  243.066  9.97450E-22
   97  1.02710E-04  1.23180E-20  232.694  2.58400E-22
   98  5.47150E-05  2.25030E-21  221.294  5.67930E-23
   99  2.53190E-05  3.56510E-22  209.983  1.12680E-23
  100  9.36810E-06  2.10510E-23  198.086  8.94890E-25
