    1  1.07120E+00  5.35600E-12  292.064  5.13160E-15
    2  1.04270E+00  5.21350E-12  290.543  5.06150E-15
    3  1.01460E+00  5.07290E-12  289.018  4.99300E-15
    4  9.86870E-01  4.93430E-12  287.488  4.92130E-15
    5  9.59550E-01  4.79770E-12  285.950  4.84770E-15
    6  9.32640E-01  4.66320E-12  284.403  4.77760E-15
    7  9.06120E-01  4.53060E-12  282.846  4.70420E-15
    8  8.80020E-01  4.40010E-12  281.277  4.63050E-15
    9  8.54320E-01  4.27160E-12  279.695  4.55810E-15
   10  8.29030E-01  4.14520E-12  278.101  4.48280E-15
   11  8.04150E-01  4.02080E-12  276.494  4.41080E-15
   12  7.79690E-01  3.89840E-12  274.873  4.33650E-15
   13  7.55630E-01  3.77820E-12  273.239  4.26150E-15
   14  7.31990E-01  3.66000E-12  271.591  4.18770E-15
   15  7.08770E-01  3.54380E-12  269.928  4.11330E-15
   16  6.85960E-01  3.42980E-12  268.253  4.03870E-15
   17  6.63570E-01  3.31790E-12  266.563  3.96350E-15
   18  6.41600E-01  3.20800E-12  264.860  3.88940E-15
   19  6.20050E-01  3.10020E-12  263.141  3.81320E-15
   20  5.98910E-01  2.99460E-12  261.408  3.73990E-15
   21  5.78190E-01  2.89100E-12  259.659  3.66470E-15
   22  5.57890E-01  2.78950E-12  257.896  3.59050E-15
   23  5.38010E-01  2.69000E-12  256.120  3.51460E-15
   24  5.18550E-01  2.59270E-12  254.330  3.44130E-15
   25  4.99500E-01  2.49750E-12  252.523  3.36750E-15
   26  4.80860E-01  2.40430E-12  250.699  3.29230E-15
   27  4.62650E-01  2.31320E-12  248.857  3.21820E-15
   28  4.44840E-01  2.22420E-12  246.997  3.14510E-15
   29  4.27450E-01  2.13730E-12  245.124  3.07180E-15
   30  4.10480E-01  2.05240E-12  243.242  2.99840E-15
   31  3.93910E-01  1.96950E-12  241.352  2.92470E-15
   32  3.77750E-01  1.88870E-12  239.446  2.85290E-15
   33  3.61990E-01  1.81000E-12  237.504  2.77950E-15
   34  3.46640E-01  1.73320E-12  235.517  2.70940E-15
   35  3.31700E-01  1.65850E-12  233.502  2.63720E-15
   36  3.17150E-01  1.58570E-12  231.510  2.56680E-15
   37  3.03000E-01  1.51500E-12  229.587  2.49440E-15
   38  2.89240E-01  1.44620E-12  227.708  2.42340E-15
   39  2.75880E-01  1.37940E-12  225.739  2.35380E-15
   40  2.62910E-01  1.31450E-12  223.522  2.28550E-15
   41  2.50320E-01  1.25160E-12  221.081  2.22140E-15
   42  2.38110E-01  1.19060E-12  218.787  2.15540E-15
   43  2.26290E-01  1.13140E-12  217.153  2.08380E-15
   44  2.14840E-01  1.07420E-12  216.439  2.01900E-15
   45  2.03760E-01  1.01880E-12  216.426  1.95270E-15
   46  1.93050E-01  9.60340E-13  216.643  1.87550E-15
   47  1.82700E-01  8.90680E-13  216.767  1.77410E-15
   48  1.72710E-01  8.16030E-13  216.753  1.65900E-15
   49  1.63080E-01  7.46160E-13  216.704  1.54930E-15
   50  1.53800E-01  6.81390E-13  216.685  1.44540E-15
   51  1.44860E-01  6.20820E-13  216.692  1.34570E-15
   52  1.36270E-01  5.69450E-13  216.701  1.26130E-15
   53  1.28010E-01  5.26840E-13  216.703  1.19340E-15
   54  1.20080E-01  4.86870E-13  216.701  1.12790E-15
   55  1.12480E-01  4.49020E-13  216.699  1.06500E-15
   56  1.05190E-01  4.13220E-13  216.699  1.00290E-15
   57  9.82240E-02  3.79410E-13  216.701  9.43300E-16
   58  9.15650E-02  3.47530E-13  216.702  8.85510E-16
   59  8.52090E-02  3.17540E-13  216.696  8.29290E-16
   60  7.91490E-02  2.89370E-13  216.692  7.75280E-16
   61  7.33810E-02  2.62970E-13  216.708  7.22990E-16
   62  6.78970E-02  2.38280E-13  216.721  6.72610E-16
   63  6.26920E-02  2.15230E-13  216.674  6.24380E-16
   64  5.77590E-02  1.93760E-13  216.643  5.77990E-16
   65  5.30910E-02  1.74410E-13  216.846  5.35060E-16
   66  4.86810E-02  1.57100E-13  217.322  4.96240E-16
   67  4.45230E-02  1.41140E-13  217.902  4.59150E-16
   68  4.06100E-02  1.26530E-13  218.493  4.24420E-16
   69  3.69350E-02  1.13570E-13  219.103  3.93020E-16
   70  3.34910E-02  1.01920E-13  219.735  3.64230E-16
   71  3.02700E-02  9.10240E-14  220.392  3.36260E-16
   72  2.72650E-02  8.05050E-14  221.078  3.07700E-16
   73  2.44680E-02  7.03080E-14  221.755  2.78340E-16
   74  2.18740E-02  6.07880E-14  222.419  2.49560E-16
   75  1.94720E-02  5.21500E-14  223.141  2.22290E-16
   76  1.72580E-02  4.43520E-14  223.983  1.96420E-16
   77  1.52210E-02  3.72950E-14  224.917  1.71840E-16
   78  1.33550E-02  3.10050E-14  225.808  1.48910E-16
   79  1.16530E-02  2.58410E-14  226.541  1.29700E-16
   80  1.01060E-02  2.18420E-14  227.333  1.14870E-16
   81  8.70620E-03  1.84950E-14  228.733  1.01870E-16
   82  7.44630E-03  1.55790E-14  231.109  8.99760E-17
   83  6.31830E-03  1.30570E-14  234.273  7.93750E-17
   84  5.31440E-03  1.07440E-14  237.747  6.88920E-17
   85  4.42680E-03  8.64280E-15  241.343  5.86360E-17
   86  3.64780E-03  6.86850E-15  245.169  4.94660E-17
   87  2.96970E-03  5.38720E-15  249.383  4.13200E-17
   88  2.38480E-03  4.13390E-15  253.968  3.38960E-17
   89  1.88550E-03  3.09880E-15  258.761  2.73070E-17
   90  1.46430E-03  2.26450E-15  264.325  2.15300E-17
   91  1.11390E-03  1.60120E-15  269.375  1.65380E-17
   92  8.26910E-04  1.09330E-15  270.524  1.23420E-17
   93  5.96370E-04  7.18280E-16  267.147  8.91580E-18
   94  4.15280E-04  4.50750E-16  260.597  6.24940E-18
   95  2.76900E-04  2.67790E-16  252.236  4.19050E-18
   96  1.74800E-04  1.49220E-16  243.066  2.67230E-18
   97  1.02710E-04  7.65850E-17  232.694  1.60660E-18
   98  5.47150E-05  3.49120E-17  221.294  8.81090E-19
   99  2.53190E-05  1.17500E-17  209.983  3.71390E-19
  100  9.36810E-06  1.82090E-18  198.086  7.74060E-20
