    1  1.07120E+00  1.63770E-07  292.064  1.56910E-10
    2  1.04270E+00  1.58240E-07  290.543  1.53620E-10
    3  1.01460E+00  1.52810E-07  289.018  1.50410E-10
    4  9.86870E-01  1.47500E-07  287.488  1.47100E-10
    5  9.59550E-01  1.42290E-07  285.950  1.43770E-10
    6  9.32640E-01  1.37190E-07  284.403  1.40550E-10
    7  9.06120E-01  1.32190E-07  282.846  1.37260E-10
    8  8.80020E-01  1.27310E-07  281.277  1.33980E-10
    9  8.54320E-01  1.22540E-07  279.695  1.30760E-10
   10  8.29030E-01  1.17880E-07  278.101  1.27480E-10
   11  8.04150E-01  1.13320E-07  276.494  1.24320E-10
   12  7.79690E-01  1.08890E-07  274.873  1.21130E-10
   13  7.55630E-01  1.04580E-07  273.239  1.17960E-10
   14  7.31990E-01  1.00380E-07  271.591  1.14860E-10
   15  7.08770E-01  9.62890E-08  269.928  1.11760E-10
   16  6.85960E-01  9.23930E-08  268.253  1.08790E-10
   17  6.63570E-01  8.87150E-08  266.563  1.05980E-10
   18  6.41600E-01  8.51560E-08  264.859  1.03240E-10
   19  6.20050E-01  8.16850E-08  263.141  1.00470E-10
   20  5.98910E-01  7.85220E-08  261.408  9.80670E-11
   21  5.78190E-01  7.56570E-08  259.659  9.59060E-11
   22  5.57890E-01  7.28640E-08  257.896  9.37900E-11
   23  5.38010E-01  7.01230E-08  256.120  9.16180E-11
   24  5.18550E-01  6.74040E-08  254.330  8.94640E-11
   25  4.99500E-01  6.47200E-08  252.523  8.72650E-11
   26  4.80860E-01  6.21030E-08  250.699  8.50390E-11
   27  4.62650E-01  5.94380E-08  248.857  8.26910E-11
   28  4.44840E-01  5.66840E-08  246.997  8.01530E-11
   29  4.27450E-01  5.39640E-08  245.124  7.75610E-11
   30  4.10480E-01  5.13030E-08  243.242  7.49510E-11
   31  3.93910E-01  4.86140E-08  241.352  7.21900E-11
   32  3.77750E-01  4.59310E-08  239.446  6.93800E-11
   33  3.61990E-01  4.33450E-08  237.504  6.65640E-11
   34  3.46640E-01  4.07350E-08  235.517  6.36780E-11
   35  3.31700E-01  3.80900E-08  233.502  6.05690E-11
   36  3.17150E-01  3.55350E-08  231.510  5.75200E-11
   37  3.03000E-01  3.30780E-08  229.587  5.44620E-11
   38  2.89240E-01  3.07100E-08  227.708  5.14610E-11
   39  2.75880E-01  2.84430E-08  225.739  4.85350E-11
   40  2.62910E-01  2.62830E-08  223.522  4.56950E-11
   41  2.50320E-01  2.42300E-08  221.081  4.30060E-11
   42  2.38110E-01  2.22820E-08  218.787  4.03380E-11
   43  2.26290E-01  2.04170E-08  217.153  3.76010E-11
   44  2.14840E-01  1.86010E-08  216.439  3.49610E-11
   45  2.03760E-01  1.68520E-08  216.427  3.23000E-11
   46  1.93050E-01  1.51690E-08  216.643  2.96250E-11
   47  1.82700E-01  1.34940E-08  216.767  2.68770E-11
   48  1.72710E-01  1.18660E-08  216.753  2.41230E-11
   49  1.63080E-01  1.03610E-08  216.704  2.15140E-11
   50  1.53800E-01  8.98630E-09  216.685  1.90620E-11
   51  1.44860E-01  7.71950E-09  216.692  1.67320E-11
   52  1.36270E-01  6.61050E-09  216.701  1.46430E-11
   53  1.28010E-01  5.65240E-09  216.703  1.28040E-11
   54  1.20080E-01  4.79480E-09  216.701  1.11080E-11
   55  1.12480E-01  4.05450E-09  216.699  9.61650E-12
   56  1.05190E-01  3.40560E-09  216.699  8.26520E-12
   57  9.82240E-02  2.87270E-09  216.701  7.14230E-12
   58  9.15650E-02  2.43990E-09  216.702  6.21680E-12
   59  8.52090E-02  2.05300E-09  216.696  5.36170E-12
   60  7.91490E-02  1.71070E-09  216.692  4.58330E-12
   61  7.33810E-02  1.41460E-09  216.708  3.88920E-12
   62  6.78970E-02  1.16390E-09  216.721  3.28540E-12
   63  6.26920E-02  9.64680E-10  216.674  2.79850E-12
   64  5.77590E-02  8.14670E-10  216.643  2.43020E-12
   65  5.30910E-02  7.00580E-10  216.846  2.14930E-12
   66  4.86810E-02  6.13180E-10  217.322  1.93690E-12
   67  4.45230E-02  5.48530E-10  217.902  1.78450E-12
   68  4.06100E-02  5.03270E-10  218.493  1.68810E-12
   69  3.69350E-02  4.68980E-10  219.103  1.62300E-12
   70  3.34910E-02  4.42540E-10  219.735  1.58150E-12
   71  3.02700E-02  4.18040E-10  220.392  1.54430E-12
   72  2.72650E-02  3.94340E-10  221.078  1.50720E-12
   73  2.44680E-02  3.67040E-10  221.755  1.45310E-12
   74  2.18740E-02  3.35680E-10  222.419  1.37810E-12
   75  1.94720E-02  3.04790E-10  223.141  1.29920E-12
   76  1.72580E-02  2.75770E-10  223.983  1.22130E-12
   77  1.52210E-02  2.48750E-10  224.917  1.14610E-12
   78  1.33550E-02  2.23460E-10  225.808  1.07320E-12
   79  1.16530E-02  1.99950E-10  226.541  1.00360E-12
   80  1.01060E-02  1.78280E-10  227.333  9.37600E-13
   81  8.70620E-03  1.58100E-10  228.733  8.70900E-13
   82  7.44630E-03  1.39940E-10  231.109  8.08230E-13
   83  6.31830E-03  1.23620E-10  234.273  7.51550E-13
   84  5.31440E-03  1.09060E-10  237.747  6.99260E-13
   85  4.42680E-03  9.60350E-11  241.343  6.51540E-13
   86  3.64780E-03  8.41060E-11  245.169  6.05720E-13
   87  2.96970E-03  7.32600E-11  249.383  5.61910E-13
   88  2.38480E-03  6.35400E-11  253.968  5.21000E-13
   89  1.88550E-03  5.51430E-11  258.761  4.85920E-13
   90  1.46430E-03  4.77100E-11  264.325  4.53600E-13
   91  1.11390E-03  4.15170E-11  269.375  4.28810E-13
   92  8.26910E-04  3.69660E-11  270.524  4.17300E-13
   93  5.96370E-04  3.27060E-11  267.147  4.05970E-13
   94  4.15280E-04  2.88250E-11  260.597  3.99640E-13
   95  2.76900E-04  2.53710E-11  252.236  3.97000E-13
   96  1.74800E-04  2.29050E-11  243.066  4.10190E-13
   97  1.02710E-04  2.03420E-11  232.694  4.26740E-13
   98  5.47150E-05  1.80400E-11  221.294  4.55280E-13
   99  2.53190E-05  1.78200E-11  209.983  5.63230E-13
  100  9.36810E-06  1.73820E-11  198.086  7.38890E-13
