    1  1.07120E+00  2.17330E-10  292.064  2.08220E-13
    2  1.04270E+00  2.10370E-10  290.543  2.04240E-13
    3  1.01460E+00  2.03540E-10  289.018  2.00340E-13
    4  9.86870E-01  1.96840E-10  287.488  1.96320E-13
    5  9.59550E-01  1.90260E-10  285.950  1.92250E-13
    6  9.32640E-01  1.83820E-10  284.403  1.88330E-13
    7  9.06120E-01  1.77500E-10  282.846  1.84300E-13
    8  8.80020E-01  1.71480E-10  281.277  1.80460E-13
    9  8.54320E-01  1.65810E-10  279.695  1.76930E-13
   10  8.29030E-01  1.60290E-10  278.101  1.73350E-13
   11  8.04150E-01  1.54880E-10  276.494  1.69910E-13
   12  7.79690E-01  1.49590E-10  274.873  1.66400E-13
   13  7.55630E-01  1.44400E-10  273.239  1.62880E-13
   14  7.31990E-01  1.39330E-10  271.591  1.59420E-13
   15  7.08770E-01  1.34360E-10  269.928  1.55950E-13
   16  6.85960E-01  1.29370E-10  268.253  1.52340E-13
   17  6.63570E-01  1.24330E-10  266.563  1.48530E-13
   18  6.41600E-01  1.19380E-10  264.859  1.44730E-13
   19  6.20050E-01  1.14540E-10  263.141  1.40880E-13
   20  5.98910E-01  1.09690E-10  261.408  1.36990E-13
   21  5.78190E-01  1.04820E-10  259.659  1.32870E-13
   22  5.57890E-01  1.00080E-10  257.896  1.28820E-13
   23  5.38010E-01  9.53990E-11  256.120  1.24640E-13
   24  5.18550E-01  9.05890E-11  254.330  1.20240E-13
   25  4.99500E-01  8.57390E-11  252.523  1.15610E-13
   26  4.80860E-01  8.10520E-11  250.699  1.10990E-13
   27  4.62650E-01  7.62720E-11  248.857  1.06110E-13
   28  4.44840E-01  7.13080E-11  246.997  1.00830E-13
   29  4.27450E-01  6.64290E-11  245.124  9.54760E-14
   30  4.10480E-01  6.16410E-11  243.242  9.00540E-14
   31  3.93910E-01  5.65710E-11  241.352  8.40050E-14
   32  3.77750E-01  5.13630E-11  239.446  7.75840E-14
   33  3.61990E-01  4.64070E-11  237.504  7.12660E-14
   34  3.46640E-01  4.14640E-11  235.517  6.48180E-14
   35  3.31700E-01  3.65100E-11  233.502  5.80560E-14
   36  3.17150E-01  3.17870E-11  231.510  5.14530E-14
   37  3.03000E-01  2.73330E-11  229.587  4.50040E-14
   38  2.89240E-01  2.31440E-11  227.708  3.87810E-14
   39  2.75880E-01  1.92100E-11  225.739  3.27810E-14
   40  2.62910E-01  1.56950E-11  223.522  2.72880E-14
   41  2.50320E-01  1.28230E-11  221.081  2.27590E-14
   42  2.38110E-01  1.03830E-11  218.787  1.87970E-14
   43  2.26290E-01  8.21390E-12  217.153  1.51270E-14
   44  2.14840E-01  6.52300E-12  216.439  1.22600E-14
   45  2.03760E-01  5.17050E-12  216.427  9.91030E-15
   46  1.93050E-01  3.98780E-12  216.643  7.78790E-15
   47  1.82700E-01  3.08990E-12  216.767  6.15460E-15
   48  1.72710E-01  2.38320E-12  216.753  4.84500E-15
   49  1.63080E-01  1.80700E-12  216.704  3.75200E-15
   50  1.53800E-01  1.40610E-12  216.685  2.98270E-15
   51  1.44860E-01  1.09200E-12  216.692  2.36700E-15
   52  1.36270E-01  8.48390E-13  216.701  1.87920E-15
   53  1.28010E-01  6.71600E-13  216.703  1.52140E-15
   54  1.20080E-01  5.25090E-13  216.701  1.21640E-15
   55  1.12480E-01  4.17760E-13  216.699  9.90840E-16
   56  1.05190E-01  3.35180E-13  216.699  8.13470E-16
   57  9.82240E-02  2.73140E-13  216.701  6.79080E-16
   58  9.15650E-02  2.28350E-13  216.702  5.81830E-16
   59  8.52090E-02  1.97010E-13  216.696  5.14520E-16
   60  7.91490E-02  1.79070E-13  216.692  4.79760E-16
   61  7.33810E-02  1.70350E-13  216.708  4.68330E-16
   62  6.78970E-02  1.70130E-13  216.721  4.80250E-16
   63  6.26920E-02  1.77600E-13  216.674  5.15210E-16
   64  5.77590E-02  1.91500E-13  216.643  5.71230E-16
   65  5.30910E-02  2.15680E-13  216.846  6.61680E-16
   66  4.86810E-02  2.48820E-13  217.322  7.85960E-16
   67  4.45230E-02  3.12790E-13  217.902  1.01760E-15
   68  4.06100E-02  4.16220E-13  218.493  1.39610E-15
   69  3.69350E-02  5.55120E-13  219.103  1.92110E-15
   70  3.34910E-02  7.63280E-13  219.735  2.72780E-15
   71  3.02700E-02  1.02670E-12  220.392  3.79280E-15
   72  2.72650E-02  1.33100E-12  221.078  5.08730E-15
   73  2.44680E-02  1.57050E-12  221.755  6.21750E-15
   74  2.18740E-02  1.68480E-12  222.419  6.91680E-15
   75  1.94720E-02  1.74400E-12  223.141  7.43380E-15
   76  1.72580E-02  1.76030E-12  223.983  7.79600E-15
   77  1.52210E-02  1.73040E-12  224.917  7.97280E-15
   78  1.33550E-02  1.67160E-12  225.808  8.02780E-15
   79  1.16530E-02  1.55590E-12  226.541  7.80900E-15
   80  1.01060E-02  1.37440E-12  227.333  7.22830E-15
   81  8.70620E-03  1.18400E-12  228.733  6.52220E-15
   82  7.44630E-03  9.77390E-13  231.109  5.64490E-15
   83  6.31830E-03  7.61860E-13  234.273  4.63160E-15
   84  5.31440E-03  5.70610E-13  237.747  3.65870E-15
   85  4.42680E-03  4.07920E-13  241.343  2.76750E-15
   86  3.64780E-03  2.86290E-13  245.169  2.06180E-15
   87  2.96970E-03  1.99560E-13  249.383  1.53060E-15
   88  2.38480E-03  1.37260E-13  253.968  1.12550E-15
   89  1.88550E-03  9.49760E-14  258.761  8.36930E-16
   90  1.46430E-03  6.51700E-14  264.325  6.19600E-16
   91  1.11390E-03  4.38000E-14  269.375  4.52390E-16
   92  8.26910E-04  2.97680E-14  270.524  3.36050E-16
   93  5.96370E-04  2.11160E-14  267.147  2.62110E-16
   94  4.15280E-04  1.59450E-14  260.597  2.21060E-16
   95  2.76900E-04  1.28080E-14  252.236  2.00420E-16
   96  1.74800E-04  1.31170E-14  243.066  2.34910E-16
   97  1.02710E-04  1.71760E-14  232.694  3.60310E-16
   98  5.47150E-05  2.38200E-14  221.294  6.01160E-16
   99  2.53190E-05  2.65760E-14  209.983  8.39980E-16
  100  9.36810E-06  1.51580E-14  198.086  6.44350E-16
