    1  1.07120E+00  6.43090E-11  292.064  6.16140E-14
    2  1.04270E+00  6.25840E-11  290.543  6.07590E-14
    3  1.01460E+00  6.08820E-11  289.018  5.99230E-14
    4  9.86870E-01  5.92050E-11  287.488  5.90490E-14
    5  9.59550E-01  5.75530E-11  285.950  5.81530E-14
    6  9.32640E-01  5.59260E-11  284.403  5.72980E-14
    7  9.06120E-01  5.43230E-11  282.846  5.64040E-14
    8  8.80020E-01  5.27440E-11  281.277  5.55060E-14
    9  8.54320E-01  5.11900E-11  279.695  5.46230E-14
   10  8.29030E-01  4.96600E-11  278.101  5.37050E-14
   11  8.04150E-01  4.81560E-11  276.494  5.28270E-14
   12  7.79690E-01  4.66780E-11  274.873  5.19240E-14
   13  7.55630E-01  4.52290E-11  273.239  5.10150E-14
   14  7.31990E-01  4.38040E-11  271.591  5.01200E-14
   15  7.08770E-01  4.24050E-11  269.928  4.92190E-14
   16  6.85960E-01  4.10320E-11  268.253  4.83160E-14
   17  6.63570E-01  3.96840E-11  266.563  4.74060E-14
   18  6.41600E-01  3.83620E-11  264.860  4.65100E-14
   19  6.20050E-01  3.70650E-11  263.141  4.55890E-14
   20  5.98910E-01  3.57950E-11  261.408  4.47050E-14
   21  5.78190E-01  3.45520E-11  259.659  4.38000E-14
   22  5.57890E-01  3.33340E-11  257.896  4.29070E-14
   23  5.38010E-01  3.21420E-11  256.120  4.19940E-14
   24  5.18550E-01  3.09740E-11  254.330  4.11110E-14
   25  4.99500E-01  2.98300E-11  252.523  4.02210E-14
   26  4.80860E-01  2.87120E-11  250.699  3.93160E-14
   27  4.62650E-01  2.76200E-11  248.857  3.84260E-14
   28  4.44840E-01  2.65540E-11  246.997  3.75480E-14
   29  4.27450E-01  2.55140E-11  245.124  3.66700E-14
   30  4.10480E-01  2.44980E-11  243.242  3.57900E-14
   31  3.93910E-01  2.35070E-11  241.352  3.49060E-14
   32  3.77750E-01  2.25400E-11  239.446  3.40470E-14
   33  3.61990E-01  2.15980E-11  237.504  3.31670E-14
   34  3.46640E-01  2.06800E-11  235.517  3.23270E-14
   35  3.31700E-01  1.97850E-11  233.502  3.14610E-14
   36  3.17150E-01  1.89140E-11  231.510  3.06170E-14
   37  3.03000E-01  1.80680E-11  229.587  2.97480E-14
   38  2.89240E-01  1.72450E-11  227.708  2.88970E-14
   39  2.75880E-01  1.64450E-11  225.739  2.80630E-14
   40  2.62910E-01  1.56690E-11  223.522  2.72430E-14
   41  2.50320E-01  1.49160E-11  221.081  2.64730E-14
   42  2.38110E-01  1.41840E-11  218.787  2.56790E-14
   43  2.26290E-01  1.34760E-11  217.153  2.48190E-14
   44  2.14840E-01  1.27900E-11  216.439  2.40400E-14
   45  2.03760E-01  1.21260E-11  216.426  2.32430E-14
   46  1.93050E-01  1.14820E-11  216.643  2.24250E-14
   47  1.82700E-01  1.08540E-11  216.767  2.16190E-14
   48  1.72710E-01  1.02430E-11  216.753  2.08240E-14
   49  1.63080E-01  9.65500E-12  216.704  2.00470E-14
   50  1.53800E-01  9.08940E-12  216.685  1.92810E-14
   51  1.44860E-01  8.54580E-12  216.692  1.85240E-14
   52  1.36270E-01  8.00990E-12  216.701  1.77420E-14
   53  1.28010E-01  7.48230E-12  216.703  1.69500E-14
   54  1.20080E-01  6.97730E-12  216.701  1.61640E-14
   55  1.12480E-01  6.49570E-12  216.699  1.54060E-14
   56  1.05190E-01  6.03610E-12  216.699  1.46490E-14
   57  9.82240E-02  5.58690E-12  216.701  1.38900E-14
   58  9.15650E-02  5.15020E-12  216.702  1.31230E-14
   59  8.52090E-02  4.73760E-12  216.696  1.23730E-14
   60  7.91490E-02  4.34820E-12  216.692  1.16500E-14
   61  7.33810E-02  3.97690E-12  216.708  1.09340E-14
   62  6.78970E-02  3.62210E-12  216.721  1.02250E-14
   63  6.26920E-02  3.28830E-12  216.674  9.53940E-15
   64  5.77590E-02  2.97640E-12  216.643  8.87860E-15
   65  5.30910E-02  2.68370E-12  216.846  8.23320E-15
   66  4.86810E-02  2.40930E-12  217.322  7.61040E-15
   67  4.45230E-02  2.15460E-12  217.902  7.00950E-15
   68  4.06100E-02  1.91870E-12  218.493  6.43600E-15
   69  3.69350E-02  1.70010E-12  219.103  5.88330E-15
   70  3.34910E-02  1.49840E-12  219.735  5.35490E-15
   71  3.02700E-02  1.31360E-12  220.392  4.85260E-15
   72  2.72650E-02  1.14430E-12  221.078  4.37350E-15
   73  2.44680E-02  9.89850E-13  221.755  3.91870E-15
   74  2.18740E-02  8.50360E-13  222.419  3.49110E-15
   75  1.94720E-02  7.25090E-13  223.141  3.09070E-15
   76  1.72580E-02  6.13280E-13  223.983  2.71610E-15
   77  1.52210E-02  5.14080E-13  224.917  2.36870E-15
   78  1.33550E-02  4.26590E-13  225.808  2.04870E-15
   79  1.16530E-02  3.50610E-13  226.541  1.75970E-15
   80  1.01060E-02  2.85500E-13  227.333  1.50150E-15
   81  8.70620E-03  2.29590E-13  228.733  1.26470E-15
   82  7.44630E-03  1.81190E-13  231.109  1.04650E-15
   83  6.31830E-03  1.39690E-13  234.273  8.49250E-16
   84  5.31440E-03  1.05820E-13  237.747  6.78480E-16
   85  4.42680E-03  7.88350E-14  241.343  5.34840E-16
   86  3.64780E-03  5.81860E-14  245.169  4.19050E-16
   87  2.96970E-03  4.26520E-14  249.383  3.27140E-16
   88  2.38480E-03  3.06570E-14  253.968  2.51370E-16
   89  1.88550E-03  2.17710E-14  258.761  1.91840E-16
   90  1.46430E-03  1.52920E-14  264.325  1.45390E-16
   91  1.11390E-03  1.06390E-14  269.375  1.09890E-16
   92  8.26910E-04  7.38060E-15  270.524  8.33180E-17
   93  5.96370E-04  5.07760E-15  267.147  6.30270E-17
   94  4.15280E-04  3.40200E-15  260.597  4.71670E-17
   95  2.76900E-04  2.18820E-15  252.236  3.42420E-17
   96  1.74800E-04  1.33870E-15  243.066  2.39740E-17
   97  1.02710E-04  7.64940E-16  232.694  1.60470E-17
   98  5.47150E-05  3.95220E-16  221.294  9.97430E-18
   99  2.53190E-05  1.75540E-16  209.983  5.54810E-18
  100  9.36810E-06  6.00700E-17  198.086  2.55360E-18
