    1  1.07120E+00  3.37440E-10  292.064  3.23300E-13
    2  1.04270E+00  3.22340E-10  290.543  3.12950E-13
    3  1.01460E+00  3.07630E-10  289.018  3.02780E-13
    4  9.86870E-01  2.93280E-10  287.488  2.92500E-13
    5  9.59550E-01  2.79310E-10  285.950  2.82220E-13
    6  9.32640E-01  2.65710E-10  284.403  2.72230E-13
    7  9.06120E-01  2.52470E-10  282.846  2.62150E-13
    8  8.80020E-01  2.38690E-10  281.277  2.51190E-13
    9  8.54320E-01  2.24150E-10  279.695  2.39180E-13
   10  8.29030E-01  2.09800E-10  278.101  2.26890E-13
   11  8.04150E-01  1.95910E-10  276.494  2.14920E-13
   12  7.79690E-01  1.82010E-10  274.873  2.02470E-13
   13  7.55630E-01  1.67920E-10  273.239  1.89400E-13
   14  7.31990E-01  1.54140E-10  271.591  1.76370E-13
   15  7.08770E-01  1.40880E-10  269.928  1.63520E-13
   16  6.85960E-01  1.28340E-10  268.253  1.51120E-13
   17  6.63570E-01  1.16550E-10  266.563  1.39230E-13
   18  6.41600E-01  1.05300E-10  264.859  1.27660E-13
   19  6.20050E-01  9.45100E-11  263.141  1.16250E-13
   20  5.98910E-01  8.54730E-11  261.408  1.06750E-13
   21  5.78190E-01  7.81340E-11  259.659  9.90460E-14
   22  5.57890E-01  7.11520E-11  257.896  9.15850E-14
   23  5.38010E-01  6.46180E-11  256.120  8.44260E-14
   24  5.18550E-01  5.89200E-11  254.330  7.82040E-14
   25  4.99500E-01  5.38640E-11  252.523  7.26270E-14
   26  4.80860E-01  4.90270E-11  250.699  6.71330E-14
   27  4.62650E-01  4.47320E-11  248.857  6.22320E-14
   28  4.44840E-01  4.10910E-11  246.997  5.81030E-14
   29  4.27450E-01  3.77500E-11  245.124  5.42570E-14
   30  4.10480E-01  3.46030E-11  243.242  5.05530E-14
   31  3.93910E-01  3.18050E-11  241.352  4.72290E-14
   32  3.77750E-01  2.92900E-11  239.446  4.42420E-14
   33  3.61990E-01  2.68890E-11  237.504  4.12920E-14
   34  3.46640E-01  2.48030E-11  235.517  3.87730E-14
   35  3.31700E-01  2.30470E-11  233.502  3.66480E-14
   36  3.17150E-01  2.14040E-11  231.510  3.46470E-14
   37  3.03000E-01  1.98840E-11  229.587  3.27390E-14
   38  2.89240E-01  1.85160E-11  227.708  3.10280E-14
   39  2.75880E-01  1.72440E-11  225.739  2.94260E-14
   40  2.62910E-01  1.60620E-11  223.522  2.79260E-14
   41  2.50320E-01  1.50140E-11  221.081  2.66480E-14
   42  2.38110E-01  1.40590E-11  218.787  2.54520E-14
   43  2.26290E-01  1.31570E-11  217.153  2.42310E-14
   44  2.14840E-01  1.23310E-11  216.439  2.31760E-14
   45  2.03760E-01  1.15640E-11  216.427  2.21650E-14
   46  1.93050E-01  1.08510E-11  216.643  2.11920E-14
   47  1.82700E-01  1.02260E-11  216.767  2.03680E-14
   48  1.72710E-01  9.66060E-12  216.753  1.96400E-14
   49  1.63080E-01  9.12590E-12  216.704  1.89480E-14
   50  1.53800E-01  8.62760E-12  216.685  1.83010E-14
   51  1.44860E-01  8.15390E-12  216.692  1.76740E-14
   52  1.36270E-01  7.71130E-12  216.701  1.70810E-14
   53  1.28010E-01  7.29870E-12  216.703  1.65340E-14
   54  1.20080E-01  6.88880E-12  216.701  1.59590E-14
   55  1.12480E-01  6.46730E-12  216.699  1.53390E-14
   56  1.05190E-01  6.04270E-12  216.699  1.46650E-14
   57  9.82240E-02  5.55500E-12  216.701  1.38110E-14
   58  9.15650E-02  5.02240E-12  216.702  1.27970E-14
   59  8.52090E-02  4.49050E-12  216.696  1.17280E-14
   60  7.91490E-02  3.95780E-12  216.692  1.06040E-14
   61  7.33810E-02  3.43210E-12  216.708  9.43590E-15
   62  6.78970E-02  2.91340E-12  216.721  8.22380E-15
   63  6.26920E-02  2.43520E-12  216.674  7.06440E-15
   64  5.77590E-02  2.00670E-12  216.643  5.98610E-15
   65  5.30910E-02  1.65240E-12  216.846  5.06930E-15
   66  4.86810E-02  1.36900E-12  217.322  4.32440E-15
   67  4.45230E-02  1.13660E-12  217.902  3.69770E-15
   68  4.06100E-02  9.50180E-13  218.493  3.18720E-15
   69  3.69350E-02  8.03100E-13  219.103  2.77920E-15
   70  3.34910E-02  6.86700E-13  219.735  2.45410E-15
   71  3.02700E-02  5.86180E-13  220.392  2.16540E-15
   72  2.72650E-02  4.98700E-13  221.078  1.90610E-15
   73  2.44680E-02  4.25940E-13  221.755  1.68620E-15
   74  2.18740E-02  3.65960E-13  222.419  1.50240E-15
   75  1.94720E-02  3.13280E-13  223.141  1.33540E-15
   76  1.72580E-02  2.66240E-13  223.983  1.17910E-15
   77  1.52210E-02  2.24550E-13  224.917  1.03460E-15
   78  1.33550E-02  1.87740E-13  225.808  9.01630E-16
   79  1.16530E-02  1.56350E-13  226.541  7.84720E-16
   80  1.01060E-02  1.30340E-13  227.333  6.85500E-16
   81  8.70620E-03  1.08090E-13  228.733  5.95420E-16
   82  7.44630E-03  8.95710E-14  231.109  5.17320E-16
   83  6.31830E-03  7.43330E-14  234.273  4.51900E-16
   84  5.31440E-03  6.23540E-14  237.747  3.99800E-16
   85  4.42680E-03  5.31210E-14  241.343  3.60390E-16
   86  3.64780E-03  4.58310E-14  245.169  3.30070E-16
   87  2.96970E-03  4.02010E-14  249.383  3.08340E-16
   88  2.38480E-03  3.59740E-14  253.968  2.94960E-16
   89  1.88550E-03  3.32390E-14  258.761  2.92900E-16
   90  1.46430E-03  3.15070E-14  264.325  2.99560E-16
   91  1.11390E-03  3.01690E-14  269.375  3.11600E-16
   92  8.26910E-04  2.79420E-14  270.524  3.15440E-16
   93  5.96370E-04  2.38990E-14  267.147  2.96660E-16
   94  4.15280E-04  1.87740E-14  260.597  2.60290E-16
   95  2.76900E-04  1.36660E-14  252.236  2.13850E-16
   96  1.74800E-04  8.96140E-15  243.066  1.60480E-16
   97  1.02710E-04  5.08040E-15  232.694  1.06580E-16
   98  5.47150E-05  2.34530E-15  221.294  5.91880E-17
   99  2.53190E-05  7.66290E-16  209.983  2.42200E-17
  100  9.36810E-06  1.41580E-16  198.086  6.01880E-18
