    1  1.07120E+00  4.00510E-10  292.064  3.83720E-13
    2  1.04270E+00  3.59750E-10  290.543  3.49260E-13
    3  1.01460E+00  3.20380E-10  289.018  3.15330E-13
    4  9.86870E-01  2.82380E-10  287.488  2.81630E-13
    5  9.59550E-01  2.45740E-10  285.950  2.48300E-13
    6  9.32640E-01  2.10450E-10  284.403  2.15620E-13
    7  9.06120E-01  1.76510E-10  282.846  1.83270E-13
    8  8.80020E-01  1.48350E-10  281.277  1.56120E-13
    9  8.54320E-01  1.26990E-10  279.695  1.35500E-13
   10  8.29030E-01  1.07740E-10  278.101  1.16520E-13
   11  8.04150E-01  8.92730E-11  276.494  9.79330E-14
   12  7.79690E-01  7.49470E-11  274.873  8.33690E-14
   13  7.55630E-01  6.59100E-11  273.239  7.43420E-14
   14  7.31990E-01  5.86040E-11  271.591  6.70540E-14
   15  7.08770E-01  5.15940E-11  269.928  5.98840E-14
   16  6.85960E-01  4.57030E-11  268.253  5.38160E-14
   17  6.63570E-01  4.11080E-11  266.563  4.91070E-14
   18  6.41600E-01  3.69410E-11  264.859  4.47880E-14
   19  6.20050E-01  3.29480E-11  263.141  4.05250E-14
   20  5.98910E-01  2.96050E-11  261.408  3.69740E-14
   21  5.78190E-01  2.68910E-11  259.659  3.40880E-14
   22  5.57890E-01  2.43120E-11  257.896  3.12940E-14
   23  5.38010E-01  2.19050E-11  256.120  2.86190E-14
   24  5.18550E-01  1.98220E-11  254.330  2.63090E-14
   25  4.99500E-01  1.79870E-11  252.523  2.42520E-14
   26  4.80860E-01  1.62330E-11  250.699  2.22290E-14
   27  4.62650E-01  1.47520E-11  248.857  2.05230E-14
   28  4.44840E-01  1.36090E-11  246.997  1.92430E-14
   29  4.27450E-01  1.25970E-11  245.124  1.81050E-14
   30  4.10480E-01  1.16470E-11  243.242  1.70160E-14
   31  3.93910E-01  1.08250E-11  241.352  1.60750E-14
   32  3.77750E-01  1.01040E-11  239.446  1.52620E-14
   33  3.61990E-01  9.41180E-12  237.504  1.44530E-14
   34  3.46640E-01  8.79540E-12  235.517  1.37490E-14
   35  3.31700E-01  8.25780E-12  233.502  1.31310E-14
   36  3.17150E-01  7.74980E-12  231.510  1.25450E-14
   37  3.03000E-01  7.26860E-12  229.587  1.19680E-14
   38  2.89240E-01  6.81780E-12  227.708  1.14250E-14
   39  2.75880E-01  6.39000E-12  225.739  1.09040E-14
   40  2.62910E-01  5.97100E-12  223.522  1.03810E-14
   41  2.50320E-01  5.54780E-12  221.081  9.84660E-15
   42  2.38110E-01  5.13120E-12  218.787  9.28920E-15
   43  2.26290E-01  4.72050E-12  217.153  8.69370E-15
   44  2.14840E-01  4.28570E-12  216.439  8.05530E-15
   45  2.03760E-01  3.84500E-12  216.427  7.36970E-15
   46  1.93050E-01  3.40610E-12  216.643  6.65180E-15
   47  1.82700E-01  2.92750E-12  216.767  5.83120E-15
   48  1.72710E-01  2.43990E-12  216.753  4.96020E-15
   49  1.63080E-01  1.99340E-12  216.704  4.13890E-15
   50  1.53800E-01  1.59020E-12  216.685  3.37320E-15
   51  1.44860E-01  1.22290E-12  216.692  2.65070E-15
   52  1.36270E-01  9.39450E-13  216.701  2.08090E-15
   53  1.28010E-01  7.35540E-13  216.703  1.66620E-15
   54  1.20080E-01  5.62300E-13  216.701  1.30260E-15
   55  1.12480E-01  4.24700E-13  216.699  1.00730E-15
   56  1.05190E-01  3.12050E-13  216.699  7.57330E-16
   57  9.82240E-02  2.28980E-13  216.701  5.69300E-16
   58  9.15650E-02  1.70760E-13  216.702  4.35110E-16
   59  8.52090E-02  1.24040E-13  216.696  3.23950E-16
   60  7.91490E-02  8.86200E-14  216.692  2.37430E-16
   61  7.33810E-02  6.24140E-14  216.708  1.71590E-16
   62  6.78970E-02  4.49410E-14  216.721  1.26860E-16
   63  6.26920E-02  3.21830E-14  216.674  9.33640E-17
   64  5.77590E-02  2.25380E-14  216.643  6.72290E-17
   65  5.30910E-02  1.55980E-14  216.846  4.78530E-17
   66  4.86810E-02  1.08140E-14  217.322  3.41580E-17
   67  4.45230E-02  7.27850E-15  217.902  2.36780E-17
   68  4.06100E-02  4.74950E-15  218.493  1.59310E-17
   69  3.69350E-02  2.97710E-15  219.103  1.03030E-17
   70  3.34910E-02  1.79920E-15  219.735  6.42980E-18
   71  3.02700E-02  9.37940E-16  220.392  3.46490E-18
   72  2.72650E-02  4.30270E-16  221.078  1.64460E-18
   73  2.44680E-02  2.26620E-16  221.755  8.97150E-19
   74  2.18740E-02  1.50720E-16  222.419  6.18760E-19
   75  1.94720E-02  1.07850E-16  223.141  4.59720E-19
   76  1.72580E-02  7.50730E-17  223.983  3.32480E-19
   77  1.52210E-02  5.45190E-17  224.917  2.51200E-19
   78  1.33550E-02  4.05440E-17  225.808  1.94720E-19
   79  1.16530E-02  2.99540E-17  226.541  1.50340E-19
   80  1.01060E-02  2.28900E-17  227.333  1.20380E-19
   81  8.70620E-03  1.75890E-17  228.733  9.68870E-20
   82  7.44630E-03  1.34490E-17  231.109  7.76760E-20
   83  6.31830E-03  1.03120E-17  234.273  6.26880E-20
   84  5.31440E-03  7.89620E-18  237.747  5.06290E-20
   85  4.42680E-03  6.06840E-18  241.343  4.11700E-20
   86  3.64780E-03  4.65720E-18  245.169  3.35410E-20
   87  2.96970E-03  3.56650E-18  249.383  2.73550E-20
   88  2.38480E-03  2.69200E-18  253.968  2.20730E-20
   89  1.88550E-03  2.00310E-18  258.761  1.76510E-20
   90  1.46430E-03  1.46470E-18  264.325  1.39250E-20
   91  1.11390E-03  1.05120E-18  269.375  1.08570E-20
   92  8.26910E-04  7.41650E-19  270.524  8.37240E-21
   93  5.96370E-04  5.16230E-19  267.147  6.40780E-21
   94  4.15280E-04  3.50500E-19  260.597  4.85950E-21
   95  2.76900E-04  2.27790E-19  252.236  3.56450E-21
   96  1.74800E-04  1.40240E-19  243.066  2.51140E-21
   97  1.02710E-04  8.04070E-20  232.694  1.68680E-21
   98  5.47150E-05  4.17560E-20  221.294  1.05380E-21
   99  2.53190E-05  1.88200E-20  209.983  5.94820E-22
  100  9.36810E-06  6.76830E-21  198.086  2.87720E-22
