510080506
510083006
510085506
510103006
510105506
510108006
510110506
520083006
520085506
520088006
520090506
520093006
520103006
520105506
520108006
520110506
520113006
520115506
520118006
530075506
530078006
530105506
530108006
530110506
530113006
530115506
530118006
530120506
530123006
540123006
540125506
540128006
550078006
550080506
550083006
560075506
560078006
560080506
560083006
560085506
560105506
560108006
560110506
560113006
560115506
560118006
560125506
560128006
560130506
560133006
560135506
570078006
570080506
570083006
570085506
570088006
570090506
570093006
570095506
570098006
570100506
570103006
570105506
570108006
570110506
570113006
570115506
570118006
570120506
570123006
580080506
580083006
580085506
580088006
580090506
580093006
580095506
580103006
580105506
580108006
580110506
580113006
580115506
580118006
580120506
580123006
580125506
580128006
590095506
590098006
590100506
590110506
590113006
590115506
590118006
590120506
590123006
590125506
600073006
600075506
600078006
600080506
610073006
610075506
610078006
610080506
610083006
610125506
610128006
610130506
610168006
610170506
610173006
610175506
610178006
620060506
620063006
620065506
620068006
620070506
620073006
620075506
620078006
620080506
620083006
620085506
620088006
620090506
620093006
620095506
620098006
620100506
620103006
620105506
620108006
620110506
620113006
620115506
620118006
620120506
620123006
620125506
620128006
620130506
620133006
620135506
620138006
630078006
630080506
640105506
640108006
640110506
640113006
640115506
640120506
640123006
640125506
640128006
650073006
650075506
650078006
650080506
650083006
650085506
650088006
650105506
650108006
650110506
650113006
650115506
650118006
650120506
650123006
650125506
650128006
650130506
650133006
650135506
650138006
650140506
650143006
660065506
660068006
660070506
660078006
660080506
660083006
660085506
660088006
660090506
660103006
660105506
660108006
660110506
660113006
660115506
660118006
660120506
660123006
660125506
660128006
660130506
660133006
660135506
660138006
660140506
660143006
670070506
670073006
670075506
670078006
670088006
670090506
670093006
670095506
670098006
670100506
670103006
670105506
670108006
670110506
670113006
670115506
670118006
670120506
670130506
670133006
670135506
670138006
670140506
670143006
670145506
680063006
680065506
680068006
680070506
680073006
680075506
680078006
680080506
680083006
680085506
680088006
680090506
680093006
680095506
680098006
680100506
680103006
680105506
680108006
680110506
680113006
680115506
680118006
680120506
680123006
680125506
680128006
680130506
680133006
680135506
680138006
680140506
680143006
680145506
680148006
690068006
690070506
690073006
690075506
690078006
690080506
690083006
690085506
690100506
690103006
690105506
690108006
690110506
690113006
690115506
690118006
690120506
690123006
690125506
690128006
690130506
690133006
690135506
690138006
690140506
700070506
700073006
700075506
700078006
700080506
700083006
700085506
700088006
700090506
700093006
700095506
700098006
700100506
700103006
700105506
700108006
700110506
700113006
700115506
700118006
700120506
700123006
700125506
700128006
700130506
700133006
700135506
710098006
710100506
710103006
710105506
710108006
710110506
710113006
710115506
710118006
710120506
710123006
710138006
710140506
710143006
710145506
720080506
720083006
720085506
720103006
720105506
720108006
720110506
720113006
720115506
720118006
720120506
720123006
720125506
720128006
720130506
720133006
730060506
730063006
730073006
730075506
730078006
730080506
730083006
730085506
730088006
730090506
730093006
730095506
730098006
730100506
730103006
730108006
730110506
730113006
730115506
730118006
730120506
730123006
730125506
730128006
730130506
730133006
730135506
730138006
730140506
730143006
730145506
730148006
740083006
740085506
740088006
740090506
740093006
740095506
740098006
740103006
740105506
740108006
740110506
740113006
740115506
740118006
740120506
740130506
740133006
740135506
740138006
740140506
740143006
740145506
740148006
750060506
750063006
750065506
750068006
750070506
750073006
750075506
750078006
750080506
750083006
750085506
750088006
750090506
750093006
750095506
750098006
750100506
750103006
750105506
750108006
750110506
750113006
750115506
750118006
750120506
750123006
750125506
750128006
750130506
750133006
750135506
750138006
750140506
750143006
750145506
750148006
750150506
750153006
750155506
750158006
750160506
750163006
750165506
750168006
750170506
750173006
750175506
750178006
750180506
750183006
750185506
750188006
750190506
750193006
750195506
750198006
750200506
750203006
750205506
750208006
750210506
750213006
750215506
750218006
750220506
750223006
750225506
750228006
750230506
750233006
750235506
750238006
750240506
750243006
750245506
750248006
750250506
750253006
750255506
750258006
750260506
750263006
750265506
750268006
750270506
750273006
750275506
750278006
750280506
750283006
760060506
760063006
760065506
760068006
760070506
760073006
760075506
760078006
760080506
760083006
760085506
760088006
760090506
760093006
760095506
760098006
760100506
760103006
760105506
760108006
760110506
760113006
760115506
760118006
760120506
760123006
760125506
760128006
760130506
760133006
760135506
760138006
770060506
770063006
770065506
770068006
770070506
770073006
770075506
770078006
770080506
770083006
770085506
770088006
770090506
770093006
770095506
770098006
770100506
770103006
770105506
770108006
770110506
770113006
770115506
770118006
770120506
770123006
770125506
770128006
770130506
770133006
770135506
770138006
770140506
770143006
770145506
770148006
770150506
770153006
770155506
770158006
770160506
770163006
770165506
770168006
780060506
780065506
780068006
780073006
780075506
780085506
780088006
780090506
780113006
780115506
780118006
780120506
780123006
780125506
780128006
780130506
780133006
780135506
780138006
780140506
780143006
780145506
780148006
780150506
780153006
780155506
780158006
780160506
780163006
780165506
780168006
780170506
780173006
780175506
780178006
780180506
780183006
780185506
780188006
780190506
780193006
780195506
780198006
780200506
780203006
780205506
780208006
780210506
780213006
780215506
780218006
780220506
780223006
780225506
780228006
780230506
780233006
780235506
780238006
780240506
780243006
780245506
780248006
780250506
780253006
780255506
780258006
790060506
790063006
790065506
790068006
790070506
790073006
790075506
790078006
790080506
790083006
790085506
790088006
790090506
790093006
790095506
790098006
790100506
790103006
790105506
790108006
790110506
790113006
790115506
790118006
790120506
790123006
790125506
790128006
790130506
790133006
790135506
790138006
790163006
790165506
790168006
790170506
790173006
790175506
790178006
790180506
790183006
790185506
790188006
800060506
800063006
800065506
800068006
800070506
800073006
800075506
800078006
800085506
800088006
800090506
800093006
800095506
800098006
800100506
800103006
800105506
800108006
800110506
800113006
800115506
800118006
800120506
800123006
800125506
800128006
800130506
800133006
800135506
800138006
800140506
800143006
800145506
800148006
800150506
800153006
800155506
800158006
800160506
800163006
800165506
800168006
800220506
800223006
800225506
800228006
800230506
800233006
800278006
800280506
800283006
810090506
810093006
