% see eg /home/sergio/SPECTRA/Global_Data_HITRAN2004/BD_Vibs.for
   1  1
   2  1101
   3  10002
   4  2201
   5  10001
   6  11102
   7  3301
   8  11101
   9  11
   10  20003
   11  12202
   12  20002
   13  4401
   14  12201
   15  20001
   16  1111
   17  21103
   18  13302
   19  21102
   20  5501
   21  13301
   22  21101
   23  10012
   24  2211
   25  10011
   26  30004
   27  22203
   28  14402
   29  30003
   30  22202
   31  6601
   32  30002
   33  14401
   34  22201
   35  30001
   36  11112
   37  3311
   38  11111
   39  21
   40  31104
   41  31103
   42  31102
   43  20013
   44  12212
   45  23301
   46  31101
   47  4411
   48  20012
   49  12211
   50  20011
   51  1121
   52  40004
   53  32203
   54  21113
   55  40002
   56  13312
   57  5511
   58  21112
   59  13311
   60  21111
   61  10022
   62  2221
   63  10021
   64  30014
   65  22213
   66  14412
   67  41102
   68  30013
   69  6611
   70  22212
   71  30012
   72  41101
   73  14411
   74  22211
   75  30011
   76  11122
   77  3321
   78  11121
   79  31
   80  31114
   81  23313
   82  31113
   83  23312
   84  31112
   85  15511
   86  20023
   87  23311
   88  12222
   89  31111
   90  20022
   91  12221
   92  20021
   93  1131
   94  40015
   95  32214
   96  40014
   97  32213
   98  40013
   99  51102
   100  32212
   101  40012
   102  21123
   103  32211
   104  21122
   105  40011
   106  21121
   107  10032
   108  2231
   109  10031
   110  41114
   111  41113
   112  41112
   113  11132
   114  3331
   115  11131
   116  20033
   117  12232
   118  20032
   119  12231
   120  20031
   121  21133
   122  21132
   123  21131
   124  23303
   125  15502
   126  23302
   127  7701
