  2  1.07120000e+00 3.96350000e-04 341.953 3.79910000e-07 
  2  1.04270000e+00 3.85800000e-04 340.487 3.74690000e-07 
  2  1.01460000e+00 3.75400000e-04 339.002 3.69420000e-07 
  2  9.86870000e-01 3.65140000e-04 337.497 3.64130000e-07 
  2  9.59550000e-01 3.55040000e-04 335.971 3.58810000e-07 
  2  9.32640000e-01 3.45080000e-04 334.425 3.53450000e-07 
  2  9.06120000e-01 3.35270000e-04 332.858 3.48070000e-07 
  2  8.80020000e-01 3.25610000e-04 331.282 3.42670000e-07 
  2  8.54320000e-01 3.16100000e-04 329.711 3.37250000e-07 
  2  8.29030000e-01 3.06750000e-04 328.119 3.31810000e-07 
  2  8.04150000e-01 2.97540000e-04 326.506 3.26350000e-07 
  2  7.79690000e-01 2.88490000e-04 324.878 3.20870000e-07 
  2  7.55630000e-01 2.79590000e-04 323.254 3.15380000e-07 
  2  7.31990000e-01 2.70840000e-04 321.609 3.09870000e-07 
  2  7.08770000e-01 2.62250000e-04 319.940 3.04350000e-07 
  2  6.85960000e-01 2.53810000e-04 318.258 2.98830000e-07 
  2  6.63570000e-01 2.45530000e-04 316.580 2.93300000e-07 
  2  6.41600000e-01 2.37400000e-04 314.877 2.87780000e-07 
  2  6.20050000e-01 2.29420000e-04 313.150 2.82240000e-07 
  2  5.98910000e-01 2.21600000e-04 311.416 2.76710000e-07 
  2  5.78190000e-01 2.13940000e-04 309.679 2.71190000e-07 
  2  5.57890000e-01 2.06420000e-04 307.915 2.65660000e-07 
  2  5.38010000e-01 1.99070000e-04 306.126 2.60140000e-07 
  2  5.18550000e-01 1.91870000e-04 304.341 2.54640000e-07 
  2  4.99500000e-01 1.84820000e-04 302.540 2.49140000e-07 
  2  4.80860000e-01 1.77920000e-04 300.711 2.43650000e-07 
  2  4.62650000e-01 1.71180000e-04 298.864 2.38180000e-07 
  2  4.44840000e-01 1.64600000e-04 297.021 2.32720000e-07 
  2  4.27450000e-01 1.58160000e-04 295.151 2.27280000e-07 
  2  4.10480000e-01 1.51880000e-04 293.251 2.21860000e-07 
  2  3.93910000e-01 1.45750000e-04 291.355 2.16460000e-07 
  2  3.77750000e-01 1.39770000e-04 289.444 2.11090000e-07 
  2  3.61990000e-01 1.33940000e-04 287.501 2.05740000e-07 
  2  3.46640000e-01 1.28260000e-04 285.543 2.00410000e-07 
  2  3.31700000e-01 1.22730000e-04 283.583 1.95120000e-07 
  2  3.17150000e-01 1.17350000e-04 281.590 1.89860000e-07 
  2  3.03000000e-01 1.12110000e-04 279.576 1.84630000e-07 
  2  2.89240000e-01 1.07020000e-04 277.590 1.79440000e-07 
  2  2.75880000e-01 1.02080000e-04 275.577 1.74290000e-07 
  2  2.62910000e-01 9.72800000e-05 273.529 1.69170000e-07 
  2  2.50320000e-01 9.26220000e-05 271.464 1.64100000e-07 
  2  2.38110000e-01 8.81060000e-05 269.365 1.59080000e-07 
  2  2.26290000e-01 8.37300000e-05 267.325 1.54090000e-07 
  2  2.14840000e-01 7.94900000e-05 266.773 1.49160000e-07 
  2  2.03760000e-01 7.53910000e-05 266.740 1.44280000e-07 
  2  1.93050000e-01 7.14280000e-05 266.707 1.39450000e-07 
  2  1.82700000e-01 6.75990000e-05 266.700 1.34680000e-07 
  2  1.72710000e-01 6.39040000e-05 266.700 1.29960000e-07 
  2  1.63080000e-01 6.03400000e-05 266.700 1.25300000e-07 
  2  1.53800000e-01 5.69050000e-05 266.700 1.20700000e-07 
  2  1.44860000e-01 5.35990000e-05 266.700 1.16160000e-07 
  2  1.36270000e-01 5.04180000e-05 266.700 1.11690000e-07 
  2  1.28010000e-01 4.73620000e-05 266.700 1.07280000e-07 
  2  1.20080000e-01 4.44290000e-05 266.700 1.02940000e-07 
  2  1.12480000e-01 4.16160000e-05 266.700 9.86760000e-08 
  2  1.05190000e-01 3.89210000e-05 266.700 9.44820000e-08 
  2  9.82240000e-02 3.63430000e-05 266.700 9.03590000e-08 
  2  9.15650000e-02 3.38790000e-05 266.700 8.63140000e-08 
  2  8.52090000e-02 3.15270000e-05 266.700 8.23450000e-08 
  2  7.91490000e-02 2.92850000e-05 266.700 7.84560000e-08 
  2  7.33810000e-02 2.71510000e-05 266.700 7.46480000e-08 
  2  6.78970000e-02 2.51220000e-05 266.700 7.09230000e-08 
  2  6.26920000e-02 2.31960000e-05 266.700 6.72830000e-08 
  2  5.77590000e-02 2.13710000e-05 266.700 6.37260000e-08 
  2  5.30910000e-02 1.96430000e-05 266.864 6.02600000e-08 
  2  4.86810000e-02 1.80120000e-05 267.355 5.68810000e-08 
  2  4.45230000e-02 1.64730000e-05 267.900 5.35940000e-08 
  2  4.06100000e-02 1.50250000e-05 268.491 5.03970000e-08 
  2  3.69350000e-02 1.36660000e-05 269.103 4.72930000e-08 
  2  3.34910000e-02 1.23910000e-05 269.737 4.42850000e-08 
  2  3.02700000e-02 1.11990000e-05 270.393 4.13730000e-08 
  2  2.72650000e-02 1.00880000e-05 271.073 3.85560000e-08 
  2  2.44680000e-02 9.05310000e-06 271.771 3.58370000e-08 
  2  2.18740000e-02 8.09300000e-06 272.479 3.32180000e-08 
  2  1.94720000e-02 7.20460000e-06 273.213 3.06980000e-08 
  2  1.72580000e-02 6.38500000e-06 273.980 2.82790000e-08 
  2  1.52210000e-02 5.63160000e-06 274.809 2.59610000e-08 
  2  1.33550000e-02 4.94130000e-06 275.679 2.37440000e-08 
  2  1.16530000e-02 4.31140000e-06 276.636 2.16300000e-08 
  2  1.01060000e-02 3.73890000e-06 277.852 1.96180000e-08 
  2  8.70620000e-03 3.22110000e-06 279.150 1.77100000e-08 
  2  7.44630000e-03 2.75460000e-06 281.164 1.59060000e-08 
  2  6.31830000e-03 2.33730000e-06 284.361 1.42040000e-08 
  2  5.31440000e-03 1.96590000e-06 287.750 1.26040000e-08 
  2  4.42680000e-03 1.63750000e-06 291.341 1.11100000e-08 
  2  3.64780000e-03 1.34930000e-06 295.222 9.71550000e-09 
  2  2.96970000e-03 1.09840000e-06 299.408 8.42400000e-09 
  2  2.38480000e-03 8.82060000e-07 303.937 7.23310000e-09 
  2  1.88550000e-03 6.97340000e-07 308.856 6.14290000e-09 
  2  1.46430000e-03 5.41530000e-07 314.210 5.15080000e-09 
  2  1.11390000e-03 4.11980000e-07 319.425 4.25430000e-09 
  2  8.26910000e-04 3.05990000e-07 320.398 3.45600000e-09 
  2  5.96370000e-04 2.20780000e-07 316.412 2.74790000e-09 
  2  4.15280000e-04 1.53780000e-07 310.488 2.13300000e-09 
  2  2.76900000e-04 1.02580000e-07 302.322 1.60460000e-09 
  2  1.74800000e-04 6.47800000e-08 293.039 1.16020000e-09 
  2  1.02710000e-04 3.80860000e-08 282.761 7.98750000e-10 
  2  5.47150000e-05 2.03040000e-08 271.323 5.12350000e-10 
  2  2.53190000e-05 9.39900000e-09 259.992 2.97060000e-10 
  2  9.36810000e-06 3.45300000e-09 248.164 1.46730000e-10 
