1  1.00 0.10 100.0 1e-6
1  1.00 0.10 110.0 1e-6
1  1.00 0.10 120.0 1e-6
1  1.00 0.10 130.0 1e-6
1  1.00 0.10 140.0 1e-6
1  1.00 0.10 150.0 1e-6
1  1.00 0.10 160.0 1e-6
1  1.00 0.10 170.0 1e-6
1  1.00 0.10 180.0 1e-6
1  1.00 0.10 190.0 1e-6
1  1.00 0.10 200.0 1e-6
1  1.00 0.10 210.0 1e-6
1  1.00 0.10 220.0 1e-6
1  1.00 0.10 230.0 1e-6
1  1.00 0.10 240.0 1e-6
1  1.00 0.10 250.0 1e-6
1  1.00 0.10 260.0 1e-6
1  1.00 0.10 270.0 1e-6
1  1.00 0.10 280.0 1e-6
1  1.00 0.10 290.0 1e-6
1  1.00 0.10 300.0 1e-6
1  1.00 0.10 310.0 1e-6
1  1.00 0.10 320.0 1e-6
1  1.00 0.10 330.0 1e-6
1  1.00 0.10 340.0 1e-6
1  1.00 0.10 350.0 1e-6
1  1.00 0.10 360.0 1e-6
1  1.00 0.10 370.0 1e-6
1  1.00 0.10 380.0 1e-6
1  1.00 0.10 390.0 1e-6
1  1.00 0.10 400.0 1e-6
